0.7292
2 31 0 0 2 0 0 0 0 0 0 0 0 0 0 0 0 0 0 0 0 0 0 0 0 0 0 0 0 0 0 0 0 0 0 1
3 334 66 0 2 0 2 0 0 0 1 0 0 0 0 0 0 0 0 0 0 4 0 0 0 0 0 0 0 0 0 0 0 0 0 0
4 22 406 0 1 0 0 0 0 0 0 0 0 0 0 0 0 0 0 0 1 0 0 0 0 0 0 0 0 0 0 0 0 0 0 0
1 26 109 43 2 37 0 1 0 1 10 5 0 0 0 0 1 0 0 0 0 3 0 0 0 0 0 0 0 0 0 1 0 0 0 0
2 64 67 0 215 3 0 1 0 1 8 1 0 0 0 0 0 0 0 0 0 3 0 0 0 1 0 1 0 0 0 1 0 0 0 0
0 33 181 4 0 131 4 0 0 0 5 1 0 0 2 0 3 0 0 2 2 1 0 0 0 1 0 0 0 0 0 0 0 0 0 0
0 0 0 0 0 0 3 0 0 0 0 0 0 0 0 0 0 0 0 0 0 0 0 0 0 0 0 0 0 0 0 0 0 0 0 0
10 34 69 3 6 7 21 114 0 1 7 0 0 0 2 0 1 0 0 0 1 2 0 0 0 1 0 0 0 0 0 0 0 1 3 1
0 3 18 4 4 1 0 0 225 4 2 2 0 0 0 0 0 0 0 0 0 0 0 0 0 0 0 0 0 0 0 0 0 0 0 0
0 1 20 0 3 4 5 0 2 299 0 0 0 2 5 0 13 0 0 1 0 9 0 0 0 1 1 0 0 0 1 0 0 1 0 0
10 0 26 0 0 1 0 0 0 0 88 0 0 0 0 0 0 0 0 0 0 0 0 0 0 0 0 0 0 0 0 0 1 0 0 0
0 0 0 0 0 1 0 0 0 0 0 87 0 0 1 0 0 0 0 0 0 0 0 0 0 0 0 0 0 0 0 0 0 0 0 0
0 2 9 0 0 0 0 0 0 0 0 0 199 0 1 0 0 0 0 0 0 0 1 1 0 0 0 0 0 0 0 0 0 0 0 0
1 1 2 0 0 0 0 0 0 0 0 1 0 205 11 1 0 2 0 2 4 0 0 5 0 1 3 0 0 0 0 0 0 0 0 0
7 3 4 0 0 0 0 0 0 5 0 0 0 0 142 0 1 0 0 1 6 0 11 4 4 5 0 8 1 0 0 0 0 0 0 16
0 0 7 0 0 0 0 0 0 0 0 0 0 0 0 16 0 4 0 1 0 0 0 0 0 0 0 10 0 0 0 0 0 0 0 0
0 0 0 0 0 0 1 0 0 0 0 0 0 0 0 0 33 0 0 11 0 0 3 0 1 0 0 0 0 0 0 0 0 1 0 4
0 23 0 0 0 0 0 0 0 0 0 0 0 0 0 2 0 25 1 1 0 0 0 0 0 0 0 7 0 0 0 0 0 0 0 0
0 0 0 0 0 0 0 0 0 0 0 0 0 0 1 0 2 0 63 0 7 0 0 0 1 0 0 0 0 0 0 0 0 0 0 0
0 0 16 0 0 0 0 0 0 2 0 0 0 1 0 0 5 0 0 48 0 0 0 0 0 0 6 0 0 0 0 0 0 0 0 0
0 0 1 0 0 0 1 0 1 0 0 0 0 2 2 0 0 1 0 1 35 0 0 0 0 10 0 5 0 0 0 0 0 0 0 0
0 0 9 0 0 0 0 0 1 1 0 0 0 9 7 0 1 0 0 1 0 241 0 2 0 0 1 1 0 0 0 0 0 0 0 0
0 0 0 0 0 0 0 0 0 0 0 0 0 0 7 0 8 0 0 0 0 7 82 2 1 0 0 0 0 0 0 0 0 0 0 0
0 16 0 0 0 0 0 0 0 0 0 0 0 0 0 0 0 0 0 0 0 1 0 19 0 0 0 0 0 0 0 0 0 0 0 0
0 0 0 0 0 0 0 0 1 1 0 0 0 1 0 0 7 0 2 3 5 0 0 0 51 11 1 2 0 0 0 0 0 0 0 0
0 0 0 0 0 0 0 0 0 0 0 0 0 0 0 0 0 0 1 0 0 0 0 0 0 48 0 1 0 0 0 0 0 0 0 0
0 0 5 0 0 0 0 0 0 0 0 0 0 5 4 0 11 2 1 3 3 0 0 1 0 12 29 1 0 0 0 0 0 0 0 0
0 0 8 0 0 0 0 0 0 0 0 0 0 0 6 0 0 0 1 0 0 1 0 0 0 3 0 128 0 0 0 0 0 0 0 0
0 0 0 0 0 0 0 0 0 0 0 0 0 0 0 0 0 0 0 0 0 0 0 0 0 0 0 0 109 0 1 0 0 0 5 1
0 0 0 0 0 0 0 0 0 0 0 0 0 0 0 0 0 0 0 0 0 0 0 0 0 0 0 0 0 72 0 0 0 2 0 1
1 3 1 0 0 2 0 0 0 0 1 4 0 0 0 0 0 0 0 0 0 0 0 0 0 0 0 0 0 0 199 2 0 1 0 0
0 0 0 0 0 0 0 0 0 0 0 0 0 0 0 0 0 0 0 0 0 0 0 0 0 0 0 0 0 0 1 57 0 3 0 0
0 0 0 0 0 0 0 0 0 0 0 0 0 0 0 0 0 0 0 0 0 0 0 0 0 0 0 0 0 0 6 0 27 0 0 0
0 0 1 2 0 0 0 0 0 0 4 0 0 0 0 0 6 0 0 0 0 0 0 0 0 0 0 0 1 2 0 0 1 368 1 4
0 0 0 0 0 0 0 0 0 0 0 0 0 0 0 0 0 0 0 0 0 0 0 0 0 0 0 0 0 0 0 0 0 0 42 4
0 0 0 0 0 0 0 0 0 0 0 13 0 0 0 0 0 0 0 0 0 0 0 0 0 0 0 0 0 0 1 0 1 2 1 41
Klasa [0] = 0.06
Klasa [1] = 0.81
Klasa [2] = 0.94
Klasa [3] = 0.18
Klasa [4] = 0.58
Klasa [5] = 0.35
Klasa [6] = 1.00
Klasa [7] = 0.40
Klasa [8] = 0.86
Klasa [9] = 0.81
Klasa [10] = 0.70
Klasa [11] = 0.98
Klasa [12] = 0.93
Klasa [13] = 0.86
Klasa [14] = 0.65
Klasa [15] = 0.42
Klasa [16] = 0.61
Klasa [17] = 0.42
Klasa [18] = 0.85
Klasa [19] = 0.62
Klasa [20] = 0.59
Klasa [21] = 0.88
Klasa [22] = 0.77
Klasa [23] = 0.53
Klasa [24] = 0.60
Klasa [25] = 0.96
Klasa [26] = 0.38
Klasa [27] = 0.87
Klasa [28] = 0.94
Klasa [29] = 0.96
Klasa [30] = 0.93
Klasa [31] = 0.93
Klasa [32] = 0.82
Klasa [33] = 0.94
Klasa [34] = 0.91
Klasa [35] = 0.69
Dokładność: 0.7292
Precyzja: 0.715
Zwrot: 0.7439
Miara F1: 0.7292