1 0 2 10 4 4 3 3 0 2 0 0 0 0 0 0 2 0 0 0 0 3 0 0 0 0 0 2 0 0 0 0 0 0 0 0
1 16 69 26 51 21 28 15 35 22 25 38 8 2 0 1 3 1 3 4 0 13 2 0 2 4 0 8 3 2 4 3 0 2 0 0
1 12 57 88 65 20 37 17 19 30 13 5 13 5 1 1 0 1 1 0 5 1 0 0 0 1 0 7 0 0 6 15 1 3 0 9
1 3 11 58 32 36 13 19 13 19 3 2 2 0 0 0 0 0 1 1 0 5 0 0 0 1 1 7 0 0 4 2 0 5 0 1
3 2 17 47 123 23 36 23 11 22 1 3 10 3 0 0 1 0 2 2 1 8 0 1 0 2 0 9 3 0 3 2 0 6 0 4
2 3 18 63 73 62 57 15 6 11 1 2 3 4 0 6 2 0 1 1 0 13 7 0 0 0 3 8 1 2 1 0 0 5 0 0
0 0 0 2 0 0 1 0 0 0 0 0 0 0 0 0 0 0 0 0 0 0 0 0 0 0 0 0 0 0 0 0 0 0 0 0
0 0 10 17 16 51 38 76 7 30 2 0 0 1 2 1 2 1 0 0 1 3 2 0 0 1 0 11 0 1 9 0 0 1 0 1
0 0 12 33 15 30 20 16 34 42 5 8 22 0 0 0 3 1 1 0 0 4 0 1 1 0 0 6 1 2 1 0 2 3 0 0
0 0 0 6 15 34 12 18 5 188 1 10 1 1 12 0 13 0 0 0 0 11 0 0 1 0 2 22 2 0 4 0 0 10 0 0
0 0 3 11 1 2 0 8 1 5 77 3 2 1 0 0 0 0 0 0 0 7 0 0 0 0 0 1 0 0 2 1 1 0 0 0
0 0 13 4 1 1 10 4 2 4 1 22 1 0 0 1 0 0 0 0 0 19 0 0 1 0 0 3 0 0 2 0 0 0 0 0
0 1 8 6 31 4 6 3 5 7 7 0 87 1 0 3 0 0 3 1 0 4 2 0 1 1 0 8 2 0 19 0 1 2 0 0
1 0 4 6 0 0 5 0 1 3 0 1 0 39 12 22 7 3 14 24 0 13 3 4 25 18 2 17 0 0 9 0 3 3 0 0
0 0 6 3 0 10 4 0 10 5 1 0 2 20 28 13 10 6 7 20 1 12 17 4 3 3 0 28 0 0 2 0 0 1 0 2
0 0 0 1 1 0 3 0 0 0 0 0 0 0 0 14 1 0 7 0 0 1 0 0 0 10 0 0 0 0 0 0 0 0 0 0
0 0 0 0 5 0 4 0 1 1 0 0 0 7 3 1 8 1 8 0 0 6 0 1 0 4 0 3 0 0 1 0 0 0 0 0
0 0 0 0 0 4 1 0 1 1 1 1 0 4 1 0 1 0 1 2 0 7 5 0 0 0 0 11 4 1 0 0 0 13 0 0
0 0 1 1 4 1 1 3 0 0 0 0 0 1 9 0 4 0 22 2 0 8 6 2 0 5 0 4 0 0 0 0 0 0 0 0
0 0 0 0 3 3 3 0 0 3 0 0 4 4 4 10 4 0 4 5 1 6 3 0 2 1 7 11 0 0 0 0 0 0 0 0
0 0 0 4 0 1 0 0 0 0 0 0 0 6 0 2 7 2 2 2 12 3 2 0 5 9 0 2 0 0 0 0 0 0 0 0
0 0 1 8 3 5 5 0 2 4 1 1 2 22 19 8 14 4 6 11 5 77 11 2 6 12 1 30 0 5 2 1 1 5 0 0
0 0 0 2 0 2 3 3 1 1 0 0 0 5 2 8 3 16 10 0 0 4 17 6 8 5 5 5 0 0 0 0 0 1 0 0
0 0 0 3 8 1 0 2 0 1 0 0 0 0 3 0 0 0 3 0 0 8 2 0 0 2 0 2 1 0 0 0 0 0 0 0
0 1 1 2 0 0 0 0 2 1 1 0 1 4 9 0 5 0 12 13 0 4 9 2 8 0 0 5 0 0 0 2 0 2 1 0
0 0 0 0 0 2 0 0 0 0 3 0 0 0 1 1 0 2 2 0 0 4 8 1 1 17 0 6 0 0 2 0 0 0 0 0
0 0 0 4 1 8 0 0 1 0 0 0 0 16 3 0 9 0 0 0 0 4 16 0 4 0 5 6 0 0 0 0 0 0 0 0
0 0 0 5 0 0 0 5 0 0 0 0 0 0 10 5 9 3 2 8 2 25 25 5 3 4 1 35 0 0 0 0 0 0 0 0
0 0 3 2 0 1 2 0 0 1 0 0 2 2 0 2 0 0 9 0 1 3 0 0 0 0 0 4 44 1 26 0 0 2 2 9
0 0 1 1 0 0 0 1 0 2 0 0 0 1 0 0 0 0 0 0 0 0 0 0 0 0 0 0 3 28 32 2 0 2 0 2
0 0 1 1 1 2 3 0 0 1 3 1 0 0 4 0 3 0 2 0 0 1 0 0 0 0 0 2 19 6 105 9 0 32 17 1
0 0 2 2 0 2 1 0 0 1 0 0 5 2 0 0 0 1 2 0 0 1 0 0 0 0 0 1 5 4 6 18 0 2 2 4
0 0 0 1 1 1 0 0 1 0 0 0 0 0 0 0 1 0 0 0 0 1 0 0 1 0 0 0 7 0 9 0 6 0 3 1
0 0 1 10 10 14 7 5 3 5 5 4 6 3 3 0 1 0 2 2 3 5 1 0 3 2 1 3 15 29 28 8 0 197 7 7
0 0 0 0 1 0 0 1 0 0 0 0 0 0 0 0 2 0 0 0 0 0 1 0 0 0 0 0 5 1 1 0 0 10 24 0
0 0 0 1 0 1 2 0 0 3 0 6 0 3 0 0 1 0 0 0 0 5 0 0 0 0 0 0 6 1 16 2 2 0 2 8