Accuracy: 0.9227
Precision = 0.9304
Recall = 0.9227
F1 Score = 0.9236

28 0 0 0 7 0 0 1 0 0 0 0 0 0 0 0 0 0 0 0 0 0 0 0 0 0 0 0 0 0 0 0 0 0 0 0
0 348 34 0 21 2 3 3 0 0 0 0 0 0 0 0 0 0 0 0 0 0 0 0 0 0 0 0 0 0 0 0 0 0 0 1
0 0 419 1 1 4 2 0 0 0 1 0 0 4 0 0 0 0 0 0 0 0 0 0 0 0 0 0 0 0 0 0 0 0 0 2
0 0 0 223 0 12 1 0 1 0 0 0 0 0 0 0 1 0 0 0 0 1 1 0 0 0 0 0 0 0 0 0 0 0 0 0
1 5 1 0 343 4 7 1 0 0 0 0 0 0 0 0 3 0 0 0 0 1 1 0 0 0 0 0 0 0 0 0 0 1 0 0
0 0 11 3 0 343 6 2 0 1 1 0 0 0 0 0 1 0 0 2 0 0 0 0 0 0 0 0 0 0 0 0 0 0 0 0
0 0 0 0 0 1 2 0 0 0 0 0 0 0 0 0 0 0 0 0 0 0 0 0 0 0 0 0 0 0 0 0 0 0 0 0
0 0 0 8 1 4 2 268 0 0 0 0 0 0 0 0 0 0 0 0 1 0 0 0 0 0 0 0 0 0 0 0 0 0 0 0
0 0 0 2 0 0 0 0 258 2 0 1 0 0 0 0 0 0 0 0 0 0 0 0 0 0 0 0 0 0 0 0 0 0 0 0
0 0 0 1 0 0 2 1 0 356 0 0 0 0 0 0 2 0 0 0 0 0 0 0 0 0 5 0 0 0 0 0 0 1 0 0
0 0 1 0 0 0 0 0 0 0 125 0 0 0 0 0 0 0 0 0 0 0 0 0 0 0 0 0 0 0 0 0 0 0 0 0
0 0 0 0 0 0 0 0 1 0 0 88 0 0 0 0 0 0 0 0 0 0 0 0 0 0 0 0 0 0 0 0 0 0 0 0
0 0 0 1 0 0 0 0 0 0 0 0 175 0 2 0 0 0 0 0 0 0 18 0 0 0 0 0 0 2 0 0 0 15 0 0
0 0 0 0 0 0 0 0 0 0 0 0 0 226 0 0 1 0 0 0 2 0 0 3 0 0 6 0 0 0 0 0 0 0 0 1
0 0 0 0 0 0 0 0 0 0 0 0 0 0 182 3 4 2 1 1 8 2 3 4 0 0 6 1 0 0 0 0 0 1 0 0
0 0 0 0 0 0 0 0 0 0 0 0 0 0 0 38 0 0 0 0 0 0 0 0 0 0 0 0 0 0 0 0 0 0 0 0
0 0 0 0 0 0 0 0 0 0 0 0 0 0 0 0 54 0 0 0 0 0 0 0 0 0 0 0 0 0 0 0 0 0 0 0
0 0 0 0 0 0 0 0 0 0 0 0 0 0 0 4 0 31 0 0 0 0 0 0 0 1 0 1 0 0 0 0 0 0 0 22
0 0 0 0 0 0 0 0 0 0 0 0 0 0 0 0 1 0 69 0 0 2 2 0 0 0 0 0 0 0 0 0 0 0 0 0
0 0 0 0 0 0 0 0 0 0 0 0 0 0 0 3 0 0 0 72 0 1 0 0 2 0 0 0 0 0 0 0 0 0 0 0
0 0 0 0 0 0 0 0 0 0 0 0 0 2 0 1 0 0 1 0 51 0 0 0 1 1 2 0 0 0 0 0 0 0 0 0
0 0 0 0 0 0 0 0 0 1 0 0 0 6 1 0 1 0 0 1 1 257 3 3 0 0 0 0 0 0 0 0 0 0 0 0
0 0 0 0 0 0 0 0 0 0 0 0 0 0 1 0 0 0 0 0 0 0 105 0 1 0 0 0 0 0 0 0 0 0 0 0
0 0 0 0 3 0 0 0 0 0 0 0 0 0 0 0 0 1 0 0 0 8 0 19 0 2 0 3 0 0 0 0 0 0 0 0
0 0 0 0 0 1 0 0 0 0 0 0 0 0 0 0 0 0 0 3 0 1 0 0 76 3 1 0 0 0 0 0 0 0 0 0
0 0 0 0 0 0 0 0 0 0 0 0 0 0 0 0 0 0 0 0 0 0 0 0 0 50 0 0 0 0 0 0 0 0 0 0
0 0 0 0 0 0 0 0 0 1 0 0 0 5 2 0 6 0 0 6 0 0 0 0 0 1 56 0 0 0 0 0 0 0 0 0
0 0 0 0 0 0 0 0 0 0 0 0 0 0 0 0 1 0 0 1 0 0 0 0 0 0 0 145 0 0 0 0 0 0 0 0
0 0 0 0 0 0 0 0 0 0 0 0 0 0 0 0 0 0 0 0 0 0 0 0 0 0 0 0 115 0 0 0 0 0 0 1
0 1 0 0 0 0 0 0 0 0 0 0 0 0 0 0 0 0 0 0 0 0 0 0 0 0 0 0 0 74 0 0 0 0 0 0
0 0 0 1 0 1 0 4 1 0 1 0 0 0 0 0 0 0 0 0 0 0 0 0 0 0 0 0 1 0 205 0 0 0 0 0
0 0 0 0 0 0 0 0 0 0 0 0 0 0 0 0 0 0 0 0 0 0 0 0 0 0 0 0 0 0 0 46 0 15 0 0
0 0 0 0 0 0 0 0 0 0 0 0 0 0 0 0 0 0 0 0 0 0 0 0 0 0 0 0 0 0 1 0 30 0 2 0
0 0 0 3 0 0 0 0 0 0 0 0 0 0 0 0 0 0 0 0 0 0 0 0 0 0 0 0 0 0 0 0 2 384 1 0
0 0 0 0 0 0 0 0 0 1 0 0 0 0 0 0 0 0 0 0 0 0 1 0 0 0 0 0 12 0 0 0 0 0 32 0
0 0 0 0 0 0 0 0 0 0 0 0 0 0 0 0 0 0 0 0 0 0 0 0 0 0 0 0 0 2 1 0 2 0 0 54

Klasa [0] = 0.7778
Klasa [1] = 0.8447
Klasa [2] = 0.9654
Klasa [3] = 0.9292
Klasa [4] = 0.9321
Klasa [5] = 0.9270
Klasa [6] = 0.6667
Klasa [7] = 0.9437
Klasa [8] = 0.9810
Klasa [9] = 0.9674
Klasa [10] = 0.9921
Klasa [11] = 0.9888
Klasa [12] = 0.8216
Klasa [13] = 0.9456
Klasa [14] = 0.8349
Klasa [15] = 1.0000
Klasa [16] = 1.0000
Klasa [17] = 0.5254
Klasa [18] = 0.9324
Klasa [19] = 0.9231
Klasa [20] = 0.8644
Klasa [21] = 0.9380
Klasa [22] = 0.9813
Klasa [23] = 0.5278
Klasa [24] = 0.8941
Klasa [25] = 1.0000
Klasa [26] = 0.7273
Klasa [27] = 0.9864
Klasa [28] = 0.9914
Klasa [29] = 0.9867
Klasa [30] = 0.9579
Klasa [31] = 0.7541
Klasa [32] = 0.9091
Klasa [33] = 0.9846
Klasa [34] = 0.6957
Klasa [35] = 0.9153