0.8262
3 7 0 2 14 7 0 3 0 0 0 0 0 0 0 0 0 0 0 0 0 0 0 0 0 0 0 0 0 0 0 0 0 0 0 0
3 287 45 6 13 24 8 9 0 0 3 3 1 0 0 0 0 1 0 0 0 6 0 0 0 1 0 2 0 0 0 0 0 0 0 0
2 9 388 8 11 0 1 1 0 1 0 0 0 0 0 0 1 0 0 0 0 2 0 0 0 1 0 5 0 0 0 0 0 0 0 4
0 3 4 184 1 39 2 2 1 0 1 1 1 0 0 0 1 0 0 0 0 0 0 0 0 0 0 0 0 0 0 0 0 0 0 0
0 13 5 3 291 18 7 17 0 2 5 0 1 0 0 0 0 0 0 0 0 1 1 0 0 1 1 0 0 0 1 1 0 0 0 0
1 7 23 16 3 297 6 0 1 8 2 1 0 0 0 0 3 0 0 0 0 1 0 0 0 0 0 0 0 0 1 0 0 0 0 0
0 0 0 0 0 0 2 1 0 0 0 0 0 0 0 0 0 0 0 0 0 0 0 0 0 0 0 0 0 0 0 0 0 0 0 0
0 2 0 5 3 7 9 245 3 1 1 0 1 0 0 0 2 1 0 0 0 0 0 0 0 0 0 2 0 0 0 0 0 1 1 0
0 0 0 8 4 0 4 0 238 7 0 2 0 0 0 0 0 0 0 0 0 0 0 0 0 0 0 0 0 0 0 0 0 0 0 0
0 0 0 1 2 1 4 1 2 345 0 0 0 2 0 0 2 1 0 1 0 4 0 0 0 0 2 0 0 0 0 0 0 0 0 0
2 0 2 2 4 3 1 3 3 0 102 0 0 0 1 0 0 0 0 0 0 0 0 0 0 0 0 0 1 0 1 1 0 0 0 0
0 0 0 0 0 3 1 0 0 0 0 84 0 0 1 0 0 0 0 0 0 0 0 0 0 0 0 0 0 0 0 0 0 0 0 0
0 0 0 0 2 0 0 0 0 0 0 0 208 0 1 0 0 0 0 0 0 0 1 1 0 0 0 0 0 0 0 0 0 0 0 0
0 0 0 0 1 0 2 0 1 0 0 0 0 204 10 0 0 1 0 0 1 7 0 3 0 1 7 1 0 0 0 0 0 0 0 0
0 0 1 0 12 0 0 0 2 3 0 0 4 0 147 2 1 0 0 2 1 3 10 7 5 4 1 9 0 3 0 0 0 0 0 1
0 0 0 0 0 0 0 0 0 0 0 0 0 0 0 29 0 0 0 4 2 0 0 0 0 1 1 1 0 0 0 0 0 0 0 0
0 0 3 0 0 1 2 0 0 0 0 0 0 0 2 0 33 0 0 6 1 0 2 0 3 0 0 0 0 0 0 0 0 0 0 1
0 0 0 0 0 0 13 0 0 2 0 0 0 0 0 6 0 36 0 1 0 0 0 0 0 0 0 1 0 0 0 0 0 0 0 0
0 0 0 0 0 0 0 2 0 0 0 0 0 0 1 1 2 0 64 0 1 0 0 1 0 0 1 1 0 0 0 0 0 0 0 0
0 0 0 0 0 0 0 0 0 2 0 0 0 1 0 1 1 1 0 52 4 0 1 0 0 0 14 1 0 0 0 0 0 0 0 0
0 0 0 0 0 3 0 1 2 0 0 0 0 1 3 0 1 1 0 2 18 3 0 1 1 8 2 12 0 0 0 0 0 0 0 0
0 0 2 0 1 0 0 0 2 0 0 0 0 3 5 1 0 0 0 7 0 244 0 2 0 1 2 4 0 0 0 0 0 0 0 0
0 0 0 0 2 0 0 0 0 0 0 0 1 0 3 1 8 0 0 0 0 3 84 1 0 0 0 4 0 0 0 0 0 0 0 0
0 14 0 0 0 0 0 0 0 0 0 0 0 0 0 0 0 0 0 0 0 0 3 19 0 0 0 0 0 0 0 0 0 0 0 0
1 0 0 0 0 1 0 0 2 1 1 0 1 1 0 0 1 0 4 1 1 0 0 0 55 7 7 1 0 0 0 0 0 0 0 0
0 0 0 0 0 0 0 0 0 0 0 0 0 0 0 0 1 0 1 0 0 0 0 0 0 47 0 1 0 0 0 0 0 0 0 0
0 0 0 2 0 0 0 0 0 1 2 0 0 1 0 0 1 1 0 12 2 0 0 0 1 0 50 2 0 0 0 0 0 1 1 0
0 0 1 2 0 2 2 0 0 0 0 0 0 0 1 0 2 0 2 0 1 6 0 0 0 0 1 121 0 0 0 0 1 0 2 3
0 0 0 0 0 0 0 0 0 0 0 0 0 0 0 0 0 0 0 0 0 0 0 0 0 0 0 0 115 0 1 0 0 0 0 0
0 0 0 0 0 0 0 0 0 0 0 0 0 0 1 0 0 0 0 0 0 0 0 0 0 0 0 0 0 74 0 0 0 0 0 0
0 0 0 7 0 0 0 1 0 1 0 0 0 0 0 0 0 0 0 0 0 0 1 0 0 0 0 0 0 0 200 1 0 0 1 2
0 0 0 0 0 0 0 0 0 0 0 0 0 0 0 0 0 0 0 0 0 0 1 0 0 0 0 0 0 0 0 54 0 6 0 0
0 0 0 0 0 0 0 0 0 0 0 0 0 0 0 0 0 0 0 0 0 0 0 0 0 0 0 0 1 0 7 0 25 0 0 0
0 0 0 6 0 0 0 2 0 0 5 0 0 0 1 0 1 0 0 0 0 0 1 0 0 0 0 0 3 3 2 0 0 363 1 2
0 0 0 0 0 0 0 0 0 0 0 0 0 0 0 0 0 0 0 0 0 0 0 0 0 0 0 0 1 0 1 0 0 0 41 3
0 0 0 0 1 0 11 0 0 0 0 4 0 0 0 0 0 0 0 0 0 0 0 0 0 0 0 0 0 1 0 0 1 2 0 39
Klasa [0] = 0.08
Klasa [1] = 0.70
Klasa [2] = 0.89
Klasa [3] = 0.77
Klasa [4] = 0.79
Klasa [5] = 0.80
Klasa [6] = 0.67
Klasa [7] = 0.86
Klasa [8] = 0.90
Klasa [9] = 0.94
Klasa [10] = 0.81
Klasa [11] = 0.94
Klasa [12] = 0.98
Klasa [13] = 0.85
Klasa [14] = 0.67
Klasa [15] = 0.76
Klasa [16] = 0.61
Klasa [17] = 0.61
Klasa [18] = 0.86
Klasa [19] = 0.67
Klasa [20] = 0.31
Klasa [21] = 0.89
Klasa [22] = 0.79
Klasa [23] = 0.53
Klasa [24] = 0.65
Klasa [25] = 0.94
Klasa [26] = 0.65
Klasa [27] = 0.82
Klasa [28] = 0.99
Klasa [29] = 0.99
Klasa [30] = 0.93
Klasa [31] = 0.89
Klasa [32] = 0.76
Klasa [33] = 0.93
Klasa [34] = 0.89
Klasa [35] = 0.66
Dokładność: 0.8262
Precyzja: 0.7718
Zwrot: 0.7699
Miara F1: 0.7708