iters1000 lr 0.01
0.8321
2 14 0 2 11 2 0 4 0 0 0 1 0 0 0 0 0 0 0 0 0 0 0 0 0 0 0 0 0 0 0 0 0 0 0 0
1 318 45 3 11 9 8 6 0 0 3 0 0 0 0 0 0 1 0 0 1 6 0 0 0 0 0 0 0 0 0 0 0 0 0 0
1 13 396 9 8 1 1 0 0 1 0 0 0 0 0 0 0 0 0 0 1 1 0 0 0 0 0 1 0 0 0 0 0 0 0 1
0 3 1 170 0 54 0 4 1 1 2 1 0 1 0 0 1 0 0 0 0 0 0 0 0 0 0 0 0 1 0 0 0 0 0 0
0 12 11 6 293 14 4 13 1 4 4 0 0 0 1 0 0 0 0 0 0 2 1 0 0 1 0 0 0 0 0 1 0 0 0 0
0 7 28 18 1 294 10 0 0 5 2 1 0 0 0 0 3 0 0 1 0 0 0 0 0 0 0 0 0 0 0 0 0 0 0 0
0 0 0 0 0 0 3 0 0 0 0 0 0 0 0 0 0 0 0 0 0 0 0 0 0 0 0 0 0 0 0 0 0 0 0 0
0 0 0 7 3 11 8 247 0 1 2 0 0 0 0 0 2 0 0 0 1 1 0 0 0 0 0 1 0 0 0 0 0 0 0 0
0 0 1 13 4 0 3 0 232 7 1 2 0 0 0 0 0 0 0 0 0 0 0 0 0 0 0 0 0 0 0 0 0 0 0 0
0 0 1 3 2 1 2 2 1 344 0 0 0 1 1 0 2 0 0 2 0 4 0 0 0 0 2 0 0 0 0 0 0 0 0 0
2 0 11 1 1 1 0 2 3 0 105 0 0 0 0 0 0 0 0 0 0 0 0 0 0 0 0 0 0 0 0 0 0 0 0 0
0 0 0 0 0 2 1 0 0 0 0 85 0 0 1 0 0 0 0 0 0 0 0 0 0 0 0 0 0 0 0 0 0 0 0 0
0 0 0 0 4 0 0 0 0 0 0 0 208 0 0 0 0 0 0 0 0 0 0 1 0 0 0 0 0 0 0 0 0 0 0 0
0 0 0 0 0 0 1 0 1 0 0 0 0 201 15 1 2 1 0 2 0 1 0 4 0 2 8 0 0 0 0 0 0 0 0 0
1 0 1 0 8 0 0 0 0 1 0 0 3 0 154 3 1 0 0 1 1 1 14 3 7 1 7 10 0 0 0 0 0 0 0 1
0 0 0 0 0 0 0 0 0 0 0 0 0 0 0 27 0 0 0 4 2 0 0 0 0 0 4 1 0 0 0 0 0 0 0 0
0 0 0 0 0 0 1 2 0 0 0 0 0 0 2 0 34 0 0 9 2 0 3 0 1 0 0 0 0 0 0 0 0 0 0 0
0 14 0 1 0 0 2 0 0 1 0 0 0 1 0 5 0 33 0 1 0 0 0 0 0 0 0 1 0 0 0 0 0 0 0 0
0 0 0 0 0 0 0 1 0 0 0 0 0 0 1 0 2 0 65 0 1 0 2 1 0 0 1 0 0 0 0 0 0 0 0 0
0 0 2 0 0 0 0 0 0 2 0 0 0 1 0 0 1 0 0 54 4 0 1 0 0 0 12 1 0 0 0 0 0 0 0 0
0 0 0 1 0 1 0 1 3 0 0 0 0 1 1 0 0 1 0 3 23 1 1 1 0 6 2 12 1 0 0 0 0 0 0 0
0 0 5 0 1 0 0 0 0 0 0 0 0 4 4 0 0 0 0 4 0 246 0 2 0 0 2 6 0 0 0 0 0 0 0 0
0 0 0 1 2 0 0 0 0 0 0 0 0 1 2 0 8 0 0 0 0 8 82 2 0 0 0 1 0 0 0 0 0 0 0 0
0 11 0 0 0 0 0 0 0 0 0 0 0 0 0 0 0 0 0 0 0 3 3 19 0 0 0 0 0 0 0 0 0 0 0 0
0 0 0 0 0 1 0 1 0 1 0 0 0 1 0 0 3 0 1 2 1 0 0 0 57 11 6 0 0 0 0 0 0 0 0 0
0 0 0 0 0 0 0 0 0 0 0 0 0 0 0 0 1 0 0 0 0 0 0 0 0 48 0 1 0 0 0 0 0 0 0 0
0 0 0 1 0 0 0 0 0 2 2 0 0 2 0 0 2 2 0 13 1 0 0 1 4 0 44 3 0 0 0 0 0 0 0 0
0 0 1 0 0 4 1 2 0 1 0 0 0 1 2 0 0 1 2 0 0 4 0 0 0 0 1 124 0 0 0 0 0 0 0 3
0 0 0 0 0 0 0 0 0 0 0 0 0 0 0 0 0 0 0 0 0 0 0 0 0 0 0 0 115 0 1 0 0 0 0 0
0 0 0 0 0 0 0 0 0 0 0 0 0 0 0 0 0 0 0 0 0 0 0 0 0 0 0 0 0 74 0 0 0 0 0 1
0 0 0 8 0 3 0 0 0 0 0 0 0 0 0 0 0 0 0 0 0 0 2 0 0 0 0 0 0 0 196 4 0 1 0 0
0 0 0 0 0 0 0 0 0 0 0 0 0 0 0 0 0 0 0 0 0 0 0 0 0 0 0 0 0 0 0 59 0 2 0 0
0 0 0 0 0 0 0 0 0 0 0 0 0 0 0 0 0 0 0 0 0 0 0 0 0 0 0 0 0 0 10 0 23 0 0 0
0 0 0 10 0 1 0 1 0 0 3 0 0 0 0 0 3 0 0 0 0 0 0 0 0 0 0 0 2 3 0 0 0 364 0 3
0 0 0 0 0 0 0 0 0 0 0 0 0 0 0 0 0 0 0 0 0 0 0 0 0 0 0 0 1 0 1 0 0 0 39 5
0 0 0 0 0 0 4 0 0 0 0 1 0 0 0 0 0 0 0 0 0 0 0 0 0 0 0 0 1 1 1 0 1 5 1 44
Klasa [0] = 0.06
Klasa [1] = 0.77
Klasa [2] = 0.91
Klasa [3] = 0.71
Klasa [4] = 0.80
Klasa [5] = 0.79
Klasa [6] = 1.00
Klasa [7] = 0.87
Klasa [8] = 0.88
Klasa [9] = 0.93
Klasa [10] = 0.83
Klasa [11] = 0.96
Klasa [12] = 0.98
Klasa [13] = 0.84
Klasa [14] = 0.71
Klasa [15] = 0.71
Klasa [16] = 0.63
Klasa [17] = 0.56
Klasa [18] = 0.88
Klasa [19] = 0.69
Klasa [20] = 0.39
Klasa [21] = 0.90
Klasa [22] = 0.77
Klasa [23] = 0.53
Klasa [24] = 0.67
Klasa [25] = 0.96
Klasa [26] = 0.57
Klasa [27] = 0.84
Klasa [28] = 0.99
Klasa [29] = 0.99
Klasa [30] = 0.92
Klasa [31] = 0.97
Klasa [32] = 0.70
Klasa [33] = 0.93
Klasa [34] = 0.85
Klasa [35] = 0.75