k=5
0.2021
4 0 13 0 3 1 0 0 3 0 3 3 0 0 1 0 0 0 0 0 0 0 0 0 0 0 0 2 0 0 0 2 0 1 0 0
28 36 55 16 37 20 22 12 28 12 27 29 3 0 11 21 0 0 5 3 1 1 0 0 1 0 7 13 0 0 1 14 3 6 0 0
22 18 65 11 55 28 50 17 34 11 21 2 4 3 6 19 1 0 0 0 0 5 0 0 0 0 0 17 0 0 6 19 8 11 0 1
3 7 24 17 21 26 25 2 5 7 16 3 0 0 2 0 13 0 0 3 1 9 0 0 1 3 0 8 1 0 16 7 0 16 0 4
12 21 13 42 57 58 35 10 4 12 31 3 3 1 2 8 3 0 1 2 0 6 0 0 0 0 1 1 1 0 23 11 0 3 0 4
13 18 51 24 66 29 23 33 23 14 15 2 19 3 1 2 0 0 0 0 0 0 0 1 1 0 5 12 0 0 0 0 0 15 0 0
0 1 0 0 1 0 0 0 0 1 0 0 0 0 0 0 0 0 0 0 0 0 0 0 0 0 0 0 0 0 0 0 0 0 0 0
31 3 10 16 18 31 39 40 13 16 4 12 0 1 5 0 11 1 0 0 0 5 0 0 1 0 0 0 0 0 2 6 0 18 0 1
22 9 22 7 11 14 3 9 57 10 34 13 0 4 2 0 4 0 1 1 0 5 0 0 1 0 0 13 0 0 5 12 0 4 0 0
6 3 8 9 28 40 14 19 30 71 36 29 0 0 9 0 3 1 0 1 0 25 0 0 0 0 0 11 1 0 9 0 0 15 0 0
0 0 3 2 6 1 1 1 10 4 47 0 0 0 11 12 0 0 0 4 0 0 0 0 0 0 3 1 0 0 0 10 0 10 0 0
0 0 6 0 2 3 0 1 1 14 7 37 0 0 0 0 10 0 0 0 0 1 0 0 0 0 0 1 0 0 1 0 0 5 0 0
1 1 8 3 4 3 1 1 1 2 28 1 71 1 25 0 0 0 6 0 2 5 0 0 0 0 1 6 3 7 15 11 1 4 0 1
1 0 0 0 5 0 0 0 2 0 0 0 1 35 24 17 3 2 28 20 0 19 3 3 28 10 3 31 0 0 0 2 0 2 0 0
0 0 4 1 1 0 1 0 0 0 1 0 0 0 60 22 0 0 5 10 2 25 10 6 6 3 0 39 0 0 4 3 0 12 0 3
0 0 0 0 0 0 0 4 0 0 0 0 0 8 0 1 0 2 0 0 0 0 0 1 0 0 2 20 0 0 0 0 0 0 0 0
0 0 1 0 0 0 0 0 0 0 0 0 0 0 12 7 2 0 6 6 0 3 0 1 6 0 0 10 0 0 0 0 0 0 0 0
0 0 8 0 0 0 0 0 0 0 0 0 0 1 6 0 0 7 1 22 0 0 0 0 3 0 9 2 0 0 0 0 0 0 0 0
0 0 0 0 1 0 0 0 0 2 0 0 0 8 5 9 3 2 7 6 0 3 0 13 0 1 0 14 0 0 0 0 0 0 0 0
0 2 0 4 0 2 0 7 3 0 0 0 0 11 5 2 2 1 7 3 1 9 0 0 6 0 0 12 0 0 0 0 0 1 0 0
0 0 0 0 1 0 1 0 0 0 0 0 0 0 4 7 13 0 0 4 0 0 0 0 2 0 0 8 0 0 10 3 0 4 0 2
0 0 0 2 0 0 1 0 0 0 1 0 0 6 17 24 6 0 37 41 18 55 4 7 19 7 2 19 0 0 0 8 0 0 0 0
0 0 4 0 2 1 1 0 0 1 0 1 4 2 20 6 2 8 5 4 0 3 3 1 3 8 0 24 0 0 2 0 0 2 0 0
0 1 0 0 0 0 0 0 0 2 2 0 0 1 1 5 0 0 5 1 0 1 5 11 0 0 0 1 0 0 0 0 0 0 0 0
0 1 0 2 0 0 0 0 0 0 1 0 0 0 14 2 3 1 18 7 0 7 0 0 15 2 2 6 0 0 1 3 0 0 0 0
0 0 0 0 1 0 0 0 0 0 1 0 0 0 6 4 0 0 2 3 0 7 5 0 3 6 3 9 0 0 0 0 0 0 0 0
0 3 1 4 1 1 1 3 0 0 0 1 0 0 2 17 12 0 0 0 2 6 1 5 2 0 3 10 1 0 0 0 0 1 0 0
0 0 0 0 0 1 0 0 0 2 1 4 0 1 17 4 0 4 4 4 6 21 0 0 0 1 1 75 0 0 0 0 0 0 0 1
0 0 4 3 1 0 0 0 2 0 2 0 1 0 7 0 0 0 1 0 0 0 0 0 0 0 6 2 22 4 27 1 0 28 2 3
0 0 0 23 0 0 1 0 0 0 0 0 0 0 0 7 0 0 1 0 0 0 0 0 0 0 0 0 0 14 11 0 0 18 0 0
0 2 8 15 3 9 1 0 4 2 2 1 9 0 1 5 4 0 0 0 0 8 0 0 0 0 2 1 0 0 104 6 0 24 0 3
3 0 0 0 1 2 0 1 0 4 5 0 0 0 4 0 0 0 0 0 0 0 0 0 0 0 0 0 0 6 13 14 1 6 1 0
0 0 0 0 5 0 0 0 0 0 0 0 0 0 0 0 0 0 0 0 0 1 0 0 0 0 0 0 4 0 19 1 2 1 0 0
0 0 10 13 20 7 4 3 3 7 1 6 5 6 19 3 4 0 0 1 0 9 1 0 0 0 0 5 9 21 56 11 1 164 1 0
0 0 0 0 0 8 0 0 6 0 0 0 0 0 0 0 0 0 0 1 0 0 0 0 0 0 2 0 0 0 4 0 0 5 17 3
0 2 4 2 2 2 1 1 0 0 0 3 0 2 0 0 0 0 0 0 0 0 0 0 0 0 0 1 1 1 11 0 0 6 0 20
Klasa [0] = 0.11
Klasa [1] = 0.09
Klasa [2] = 0.15
Klasa [3] = 0.07
Klasa [4] = 0.15
Klasa [5] = 0.08
Klasa [6] = 0.00
Klasa [7] = 0.14
Klasa [8] = 0.22
Klasa [9] = 0.19
Klasa [10] = 0.37
Klasa [11] = 0.42
Klasa [12] = 0.33
Klasa [13] = 0.15
Klasa [14] = 0.28
Klasa [15] = 0.03
Klasa [16] = 0.04
Klasa [17] = 0.12
Klasa [18] = 0.09
Klasa [19] = 0.04
Klasa [20] = 0.00
Klasa [21] = 0.20
Klasa [22] = 0.03
Klasa [23] = 0.31
Klasa [24] = 0.18
Klasa [25] = 0.12
Klasa [26] = 0.04
Klasa [27] = 0.51
Klasa [28] = 0.19
Klasa [29] = 0.19
Klasa [30] = 0.49
Klasa [31] = 0.23
Klasa [32] = 0.06
Klasa [33] = 0.42
Klasa [34] = 0.37
Klasa [35] = 0.34