liczenie wg k
liczba klas = 3
wczytywanie
start
0.8183
Precision = 0.8196
Recall = 0.8183
F1 Score = 0.8187
2714 319 173
264 1277 54
158 85 751
Klasa [0] = 0.85
Klasa [1] = 0.80
Klasa [2] = 0.76
k=3 n=2 avg=0.8183
0.8093
Precision = 0.8105
Recall = 0.8093
F1 Score = 0.8096
2699 350 157
279 1259 57
179 83 732
Klasa [0] = 0.84
Klasa [1] = 0.79
Klasa [2] = 0.74
k=5 n=2 avg=0.8093
liczba klas = 36
wczytywanie
start
0.2393
Precision = 0.2778
Recall = 0.2393
F1 Score = 0.2404
1 0 3 9 4 4 4 1 0 0 0 0 0 0 0 0 2 0 0 0 0 3 0 0 0 0 0 5 0 0 0 0 0 0 0 0
4 22 55 26 62 21 26 13 38 27 23 23 6 2 0 2 3 2 5 2 0 10 1 0 1 4 1 11 1 3 9 1 0 6 0 2
1 14 43 87 77 12 42 14 14 34 12 11 12 5 4 1 1 2 0 0 6 5 0 0 0 1 0 7 0 0 4 10 1 5 0 9
2 2 13 53 37 41 15 16 9 15 4 3 1 0 0 0 2 0 0 0 0 8 0 1 1 0 0 9 0 0 3 1 0 3 0 1
3 3 18 42 108 33 40 17 11 35 5 3 4 5 1 1 1 0 3 3 2 7 0 0 0 2 0 9 0 0 6 2 0 1 0 3
3 4 12 58 64 70 54 20 3 18 0 4 6 3 0 2 3 1 3 0 0 13 2 0 1 1 6 9 2 4 1 0 0 2 0 1
0 0 0 1 0 1 1 0 0 0 0 0 0 0 0 0 0 0 0 0 0 0 0 0 0 0 0 0 0 0 0 0 0 0 0 0
0 1 8 14 10 50 44 72 7 34 1 0 2 0 4 1 2 0 0 0 2 7 2 0 0 0 0 9 0 2 4 0 0 7 0 1
0 2 9 29 20 29 18 20 32 37 3 7 24 1 0 0 3 0 1 0 0 5 0 1 4 0 0 6 1 2 5 0 0 4 0 0
0 0 5 7 20 32 14 28 8 173 1 4 0 0 13 0 11 0 0 0 0 16 0 0 0 0 4 20 2 0 3 0 0 7 0 0
0 0 0 10 5 2 2 6 2 8 74 4 2 1 2 0 0 0 1 0 0 2 0 0 0 1 0 0 0 0 2 0 1 1 0 0
0 0 3 13 0 0 7 5 2 4 2 20 1 0 1 2 0 0 0 0 0 22 0 0 0 0 0 1 0 0 3 0 0 0 0 3
0 1 8 9 31 11 4 2 8 11 3 0 75 0 0 5 0 0 4 2 1 5 2 0 0 0 0 7 2 2 16 0 1 3 0 0
0 0 2 14 1 2 5 1 2 5 1 0 1 33 16 17 2 4 18 15 2 26 6 3 16 19 4 16 2 2 3 0 0 1 0 0
0 0 11 10 0 10 4 0 8 3 1 0 3 17 23 10 9 7 8 23 2 12 14 6 3 1 0 31 0 0 1 0 0 1 0 0
0 0 0 2 1 0 5 0 0 1 0 0 0 0 0 5 1 0 9 4 0 0 2 0 0 7 0 1 0 0 0 0 0 0 0 0
0 0 0 0 5 1 2 0 2 1 0 0 0 8 1 0 8 1 9 1 0 6 4 0 1 1 0 2 0 0 1 0 0 0 0 0
0 0 0 0 0 3 1 0 0 2 3 1 0 4 0 0 2 0 0 1 0 3 5 0 0 0 0 15 5 1 1 0 1 11 0 0
0 0 1 2 4 2 1 1 0 0 0 0 0 3 6 0 3 0 23 3 0 5 5 1 0 7 0 7 0 0 0 0 0 0 0 0
0 0 2 0 3 1 2 1 0 2 0 2 2 3 3 8 6 0 3 5 3 7 3 1 1 2 6 12 0 0 0 0 0 0 0 0
0 0 0 4 2 1 0 0 0 0 0 0 0 1 0 0 6 2 2 2 11 4 1 0 8 11 0 4 0 0 0 0 0 0 0 0
0 0 2 14 2 5 6 1 6 6 1 0 3 23 18 3 5 6 12 10 1 64 8 3 10 9 4 37 0 5 1 2 1 6 0 0
0 0 0 3 1 2 1 3 2 1 0 0 1 5 1 13 5 12 9 0 0 6 14 5 8 8 3 4 0 0 0 0 0 0 0 0
0 0 0 5 8 0 0 3 0 1 0 0 0 1 4 0 0 0 2 1 0 5 2 0 0 2 0 2 0 0 0 0 0 0 0 0
0 1 0 1 0 1 0 0 1 0 1 0 0 3 9 0 7 2 9 12 1 9 7 5 6 1 0 4 0 1 1 1 0 2 0 0
0 0 2 0 1 2 0 1 1 0 3 0 0 0 1 0 0 1 0 0 0 1 9 0 0 16 0 9 0 0 2 0 0 0 0 1
0 0 0 4 0 10 0 1 0 0 0 0 0 19 2 0 6 0 0 0 0 3 12 0 7 0 6 7 0 0 0 0 0 0 0 0
0 0 0 5 0 0 2 8 0 0 0 1 0 0 7 2 11 5 1 9 0 27 19 7 2 3 0 38 0 0 0 0 0 0 0 0
0 0 0 3 0 1 1 0 1 0 0 0 1 0 0 4 3 0 5 0 0 6 0 0 0 0 0 9 42 1 20 2 1 3 3 10
0 0 0 3 1 0 0 0 1 5 2 0 0 0 0 0 0 0 0 0 0 2 0 0 0 0 0 0 1 23 33 2 0 1 0 1
0 0 1 2 2 3 6 0 0 3 1 1 1 1 2 0 4 0 3 0 0 3 0 0 0 0 0 3 23 3 88 7 1 39 14 3
0 0 1 5 1 1 1 0 1 1 0 0 5 0 1 0 1 0 0 0 0 0 0 0 0 0 0 4 3 5 7 15 0 4 1 4
0 0 0 0 1 1 0 0 0 0 0 1 0 0 0 0 0 0 0 0 0 2 0 0 2 0 0 0 7 0 10 0 6 1 1 1
0 0 1 11 9 16 3 7 2 6 6 8 6 3 3 0 1 0 2 1 3 2 2 0 7 4 0 7 16 27 29 8 3 185 5 7
0 0 0 0 0 0 0 4 0 0 0 0 0 0 0 0 0 0 0 0 0 0 1 0 0 0 0 0 5 1 1 0 0 11 23 0
0 0 0 1 0 1 2 0 0 2 0 7 0 1 0 1 1 0 0 0 0 5 1 0 0 0 0 0 6 2 14 4 2 0 0 9
Klasa [0] = 0.03
Klasa [1] = 0.05
Klasa [2] = 0.10
Klasa [3] = 0.22
Klasa [4] = 0.29
Klasa [5] = 0.19
Klasa [6] = 0.33
Klasa [7] = 0.25
Klasa [8] = 0.12
Klasa [9] = 0.47
Klasa [10] = 0.59
Klasa [11] = 0.22
Klasa [12] = 0.35
Klasa [13] = 0.14
Klasa [14] = 0.11
Klasa [15] = 0.13
Klasa [16] = 0.15
Klasa [17] = 0.00
Klasa [18] = 0.31
Klasa [19] = 0.06
Klasa [20] = 0.19
Klasa [21] = 0.23
Klasa [22] = 0.13
Klasa [23] = 0.00
Klasa [24] = 0.07
Klasa [25] = 0.32
Klasa [26] = 0.08
Klasa [27] = 0.26
Klasa [28] = 0.36
Klasa [29] = 0.31
Klasa [30] = 0.41
Klasa [31] = 0.25
Klasa [32] = 0.18
Klasa [33] = 0.47
Klasa [34] = 0.50
Klasa [35] = 0.15
k=3 n=2 avg=0.2393
0.2293
Precision = 0.2686
Recall = 0.2293
F1 Score = 0.2323
1 0 2 9 5 4 6 0 0 1 0 0 0 0 0 0 2 0 0 0 0 3 0 0 0 0 0 2 1 0 0 0 0 0 0 0
5 27 52 22 61 22 23 8 34 30 25 23 5 4 2 1 2 1 4 2 0 15 2 0 2 2 0 13 2 5 9 3 0 4 0 2
1 17 46 95 69 11 50 8 18 32 11 9 13 5 3 1 3 1 1 0 3 5 0 0 0 2 0 6 1 0 4 7 1 4 0 7
3 2 14 47 32 39 20 16 6 15 4 6 1 0 1 0 4 0 0 1 0 8 0 1 3 0 0 8 0 0 3 1 0 3 0 2
2 4 18 50 92 36 34 21 9 39 3 7 0 7 2 1 1 0 4 4 1 7 0 0 1 2 0 10 1 1 8 2 1 0 0 0
1 4 15 53 56 72 55 24 5 23 0 3 5 3 0 2 2 1 4 0 0 14 0 0 0 1 5 10 2 5 0 1 0 2 0 2
0 0 0 1 0 1 1 0 0 0 0 0 0 0 0 0 0 0 0 0 0 0 0 0 0 0 0 0 0 0 0 0 0 0 0 0
0 3 7 21 10 53 37 69 8 34 1 0 1 0 2 1 2 0 0 0 2 7 4 0 0 0 2 9 0 3 3 0 0 4 0 1
0 2 11 33 21 28 16 16 30 39 3 14 19 0 0 0 4 0 1 0 0 7 0 0 4 0 0 8 1 0 4 0 0 2 0 0
0 1 2 3 19 32 18 33 10 162 2 7 0 0 14 0 11 0 0 0 0 17 0 0 0 0 3 23 2 1 2 0 0 6 0 0
0 0 1 9 1 1 4 7 1 9 72 5 1 1 1 0 0 0 0 0 0 5 0 0 0 1 0 1 0 0 3 1 1 1 0 0
0 0 3 8 0 2 3 4 2 3 3 18 3 0 1 1 0 0 0 0 0 23 0 1 0 0 0 1 0 0 7 0 0 1 0 5
0 2 10 17 26 11 8 2 9 6 2 0 73 0 1 6 0 1 7 2 1 7 1 1 0 0 0 5 2 1 8 0 0 4 0 0
0 1 2 19 0 4 4 2 3 6 0 0 1 27 20 17 3 2 15 10 1 26 5 2 15 21 5 18 1 2 3 1 0 2 0 1
0 0 11 6 0 11 4 0 9 3 1 0 5 16 22 10 12 8 12 18 1 11 14 5 6 1 0 29 0 0 1 1 0 1 0 0
0 0 0 2 1 0 5 0 0 0 0 0 0 0 0 2 1 0 7 7 0 0 2 0 0 8 2 1 0 0 0 0 0 0 0 0
0 0 0 0 5 1 1 0 1 1 0 1 1 6 1 0 9 0 14 0 0 5 4 0 0 2 0 2 0 0 0 0 0 0 0 0
0 0 0 0 0 6 0 2 0 1 3 0 0 4 0 0 1 0 0 0 0 4 2 0 1 0 0 15 5 1 2 0 1 11 0 0
0 0 1 5 5 2 0 0 0 0 0 0 0 2 9 0 4 0 20 4 0 4 5 0 0 8 0 5 0 0 0 0 0 0 0 0
0 0 1 0 3 1 2 1 2 1 0 2 2 4 3 7 6 0 5 3 2 6 1 1 3 2 6 13 1 0 0 0 0 0 0 0
0 0 0 3 1 1 0 0 0 0 0 0 0 1 0 3 5 1 2 3 11 5 0 0 10 8 0 5 0 0 0 0 0 0 0 0
1 0 1 17 2 6 7 3 5 6 1 0 2 18 20 1 8 4 12 10 1 65 12 4 9 14 5 29 0 2 0 4 0 4 0 1
0 0 0 2 2 1 2 4 1 1 0 0 0 4 1 9 8 18 10 0 1 6 13 2 6 6 4 6 0 0 0 0 0 0 0 0
0 0 0 4 7 0 0 5 0 1 0 0 1 0 4 0 0 0 1 0 0 7 2 0 0 2 0 1 0 0 0 0 0 1 0 0
2 1 0 1 1 1 0 0 2 0 0 0 0 2 12 0 8 2 6 11 1 6 9 3 5 2 0 3 0 1 1 1 1 3 0 0
0 0 2 0 0 3 0 1 1 1 3 0 0 0 2 0 0 1 1 0 0 1 10 0 0 16 0 6 0 0 1 0 0 0 0 1
0 0 0 5 1 8 0 2 0 0 0 0 0 18 2 0 7 0 0 0 0 4 13 0 8 0 3 6 0 0 0 0 0 0 0 0
0 0 0 6 0 0 3 11 0 0 0 0 0 0 3 0 10 7 2 8 0 23 19 5 1 4 0 45 0 0 0 0 0 0 0 0
0 0 2 3 0 2 0 0 0 1 1 0 1 1 0 4 3 0 4 0 0 3 0 0 0 0 0 9 40 1 18 3 2 4 5 9
0 0 0 3 1 0 0 1 1 8 2 0 0 0 0 0 0 0 0 0 0 2 0 0 0 0 0 0 1 23 27 2 0 1 0 3
0 1 0 3 1 4 6 0 1 3 1 1 1 0 1 0 7 0 3 0 0 5 0 0 0 0 1 3 26 2 81 11 0 37 12 3
0 0 3 5 4 0 2 0 1 2 0 0 2 1 1 0 1 1 0 0 0 0 0 0 0 0 0 3 2 5 5 13 0 4 1 5
0 0 0 0 2 1 0 0 0 1 0 1 0 0 0 0 0 0 0 0 0 2 1 0 1 0 0 0 6 2 5 0 6 3 0 2
0 0 0 11 6 12 2 9 3 10 7 11 6 1 3 0 2 0 1 1 3 3 2 0 6 6 0 6 18 25 31 4 3 185 7 6
0 0 0 0 0 0 0 6 0 0 0 0 0 0 0 0 0 0 0 0 0 0 1 0 0 0 0 0 7 1 0 0 0 8 23 0
0 0 0 4 0 1 1 0 0 3 0 7 0 1 0 1 0 0 0 0 0 5 0 0 0 0 0 0 6 4 11 4 2 2 0 7
Klasa [0] = 0.03
Klasa [1] = 0.07
Klasa [2] = 0.11
Klasa [3] = 0.20
Klasa [4] = 0.25
Klasa [5] = 0.19
Klasa [6] = 0.33
Klasa [7] = 0.24
Klasa [8] = 0.11
Klasa [9] = 0.44
Klasa [10] = 0.57
Klasa [11] = 0.20
Klasa [12] = 0.34
Klasa [13] = 0.11
Klasa [14] = 0.10
Klasa [15] = 0.05
Klasa [16] = 0.17
Klasa [17] = 0.00
Klasa [18] = 0.27
Klasa [19] = 0.04
Klasa [20] = 0.19
Klasa [21] = 0.24
Klasa [22] = 0.12
Klasa [23] = 0.00
Klasa [24] = 0.06
Klasa [25] = 0.32
Klasa [26] = 0.04
Klasa [27] = 0.31
Klasa [28] = 0.34
Klasa [29] = 0.31
Klasa [30] = 0.38
Klasa [31] = 0.21
Klasa [32] = 0.18
Klasa [33] = 0.47
Klasa [34] = 0.50
Klasa [35] = 0.12
k=5 n=2 avg=0.2293
k,n,avg
3,2,0.8183
5,2,0.8093
3,2,0.2393
5,2,0.2293