iteracja 99900, strata 2.727273364379471, najlepsza 2.727273364379471
0.6763
1 13 0 2 10 5 1 4 0 0 0 0 0 0 0 0 0 0 0 0 0 0 0 0 0 0 0 0 0 0 0 0 0 0 0 0 
3 253 70 6 22 30 8 6 0 0 1 1 0 0 0 0 0 0 0 0 0 5 0 0 0 0 0 7 0 0 0 0 0 0 0 0 
6 59 297 24 31 6 1 4 0 0 2 0 0 0 0 0 0 0 0 0 2 1 0 0 0 0 0 1 0 0 0 0 0 0 0 0 
1 5 15 105 8 70 5 9 1 1 6 4 0 0 0 0 0 0 0 0 0 5 0 0 0 0 1 3 0 0 0 0 0 1 0 0 
0 36 22 7 236 18 1 17 1 1 13 6 0 0 0 0 1 0 0 0 0 1 0 0 0 0 0 8 0 0 0 0 0 0 0 0 
0 15 113 25 46 115 9 14 0 5 12 1 0 0 0 0 0 0 0 0 1 2 0 0 0 0 0 10 0 0 0 0 0 2 0 0 
0 0 0 1 0 0 1 1 0 0 0 0 0 0 0 0 0 0 0 0 0 0 0 0 0 0 0 0 0 0 0 0 0 0 0 0 
2 14 1 17 15 17 19 185 0 0 3 0 0 0 0 0 1 0 0 0 0 2 0 0 0 0 1 1 0 0 0 0 0 6 0 0 
0 2 2 12 4 6 0 0 210 22 1 1 0 1 1 0 0 0 0 0 0 1 0 0 0 0 0 0 0 0 0 0 0 0 0 0 
0 0 1 14 7 6 0 4 1 297 0 0 0 0 0 0 0 0 0 0 0 25 0 0 0 0 5 7 0 0 0 0 0 1 0 0 
6 0 23 1 13 6 1 2 4 0 67 0 0 0 0 0 0 0 0 0 0 0 0 0 0 1 0 2 0 0 0 0 0 0 0 0 
0 0 0 0 0 0 0 0 2 0 0 87 0 0 0 0 0 0 0 0 0 0 0 0 0 0 0 0 0 0 0 0 0 0 0 0 
0 0 0 0 14 0 0 0 0 0 2 0 173 0 0 0 0 0 1 0 0 0 3 0 0 0 0 20 0 0 0 0 0 0 0 0 
0 1 1 0 2 0 0 1 0 0 0 2 0 176 18 0 2 6 0 2 0 2 0 7 1 0 9 9 0 0 0 0 0 0 0 0 
1 22 1 0 0 0 0 0 0 5 0 0 0 0 134 1 4 0 1 0 0 5 20 3 2 6 1 11 0 0 0 0 0 1 0 0 
0 0 0 0 0 0 0 0 0 0 0 0 0 0 0 20 0 1 0 0 0 0 0 0 0 0 2 15 0 0 0 0 0 0 0 0 
0 5 0 0 0 0 0 0 0 1 0 0 0 0 0 0 31 0 0 10 0 0 5 0 1 1 0 0 0 0 0 0 0 0 0 0 
0 14 1 1 0 5 0 0 0 1 0 0 0 0 1 2 0 23 0 0 0 0 0 0 0 0 0 11 0 0 0 0 0 0 0 0 
0 0 0 0 0 0 0 0 0 0 0 0 0 0 2 0 0 1 52 0 1 2 15 0 0 1 0 0 0 0 0 0 0 0 0 0 
0 0 0 0 0 0 0 0 0 4 0 0 0 11 0 0 9 2 0 34 7 0 0 0 0 0 8 2 0 0 0 0 0 1 0 0 
0 0 0 2 0 1 0 5 0 2 0 0 0 3 1 1 0 0 0 2 17 2 1 0 0 15 1 4 1 0 0 0 0 0 0 1 
0 0 7 1 1 0 0 0 2 3 0 0 0 7 1 0 3 0 0 1 0 237 0 0 0 0 4 7 0 0 0 0 0 0 0 0 
0 0 0 0 0 0 0 0 0 0 0 0 0 0 6 0 7 0 0 0 0 8 85 1 0 0 0 0 0 0 0 0 0 0 0 0 
0 2 0 0 1 0 0 0 0 0 14 0 0 4 1 0 2 0 0 0 0 0 5 7 0 0 0 0 0 0 0 0 0 0 0 0 
0 1 0 0 0 1 0 1 0 1 0 0 0 0 4 1 10 4 1 1 1 1 0 0 46 6 2 4 0 0 0 0 0 0 0 0 
0 0 0 0 0 0 0 0 0 0 0 0 0 0 0 0 0 0 3 1 0 0 0 0 4 42 0 0 0 0 0 0 0 0 0 0 
0 0 0 1 1 0 1 0 0 3 0 0 0 4 3 0 6 0 0 4 0 2 0 0 1 0 21 29 0 0 0 0 0 1 0 0 
0 0 0 0 0 0 0 0 0 1 0 0 0 2 5 0 0 0 0 0 0 2 0 0 0 2 0 135 0 0 0 0 0 0 0 0 
0 0 1 0 0 0 0 0 0 0 0 0 0 0 0 0 0 0 0 0 0 0 0 0 0 0 0 1 108 0 3 0 0 2 0 1 
0 0 0 0 0 0 0 0 0 0 0 0 0 0 0 0 0 0 0 0 0 0 0 0 0 0 0 0 0 59 0 0 0 15 0 1 
0 0 0 8 5 4 0 5 2 3 0 1 0 0 0 0 0 0 0 0 0 0 0 0 0 0 0 0 0 0 182 1 0 3 0 0 
0 0 0 0 1 0 0 0 0 0 0 0 0 0 0 0 0 0 0 0 0 0 4 0 0 0 0 0 0 0 1 44 0 11 0 0 
0 0 0 0 0 0 0 0 0 0 0 0 0 0 4 0 0 0 0 0 1 0 0 0 0 0 0 0 4 0 8 0 14 0 2 0 
0 0 0 9 3 1 0 0 0 0 4 0 0 0 3 0 1 0 0 0 0 1 0 0 0 0 0 0 0 2 0 3 0 362 0 1 
0 0 0 0 0 0 0 2 0 0 0 0 0 0 0 0 0 0 0 1 0 0 0 0 0 0 0 1 0 0 0 0 0 6 34 2 
0 1 0 0 2 0 0 3 0 0 0 11 0 0 0 0 0 0 0 0 0 0 0 0 0 0 1 0 0 0 0 0 1 11 0 29 
Klasa [0] = 0.03
Klasa [1] = 0.61
Klasa [2] = 0.68
Klasa [3] = 0.44
Klasa [4] = 0.64
Klasa [5] = 0.31
Klasa [6] = 0.33
Klasa [7] = 0.65
Klasa [8] = 0.80
Klasa [9] = 0.81
Klasa [10] = 0.53
Klasa [11] = 0.98
Klasa [12] = 0.81
Klasa [13] = 0.74
Klasa [14] = 0.61
Klasa [15] = 0.53
Klasa [16] = 0.57
Klasa [17] = 0.39
Klasa [18] = 0.70
Klasa [19] = 0.44
Klasa [20] = 0.29
Klasa [21] = 0.86
Klasa [22] = 0.79
Klasa [23] = 0.19
Klasa [24] = 0.54
Klasa [25] = 0.84
Klasa [26] = 0.27
Klasa [27] = 0.92
Klasa [28] = 0.93
Klasa [29] = 0.79
Klasa [30] = 0.85
Klasa [31] = 0.72
Klasa [32] = 0.42
Klasa [33] = 0.93
Klasa [34] = 0.74
Klasa [35] = 0.49
Dokładność: 0.6763
Precyzja: 0.6165
Zwrot: 0.6725
Miara F1: 0.6433

Process finished with exit code 0