0.68
1 9 2 2 18 2 0 1 0 0 0 1 0 0 0 0 0 0 0 0 0 0 0 0 0 0 0 0 0 0 0 0 0 0 0 0
5 223 96 6 34 19 12 8 0 0 2 1 0 0 0 0 0 0 0 0 0 4 0 0 0 0 0 2 0 0 0 0 0 0 0 0
5 38 313 18 34 16 3 4 0 0 2 0 0 0 0 0 0 0 0 0 0 0 0 0 0 0 0 0 0 0 1 0 0 0 0 0
0 3 20 87 2 92 10 6 1 2 6 3 0 0 0 0 0 0 0 0 0 5 0 0 0 0 1 2 0 0 0 0 0 0 0 0
0 30 26 14 233 20 3 12 2 0 12 7 0 0 1 0 0 0 0 0 0 2 0 0 0 0 0 6 0 0 0 0 0 0 0 0
0 18 80 23 59 145 10 9 0 2 10 1 0 0 0 0 0 0 0 0 1 4 0 0 0 0 1 7 0 0 0 0 0 0 0 0
0 0 0 1 0 0 2 0 0 0 0 0 0 0 0 0 0 0 0 0 0 0 0 0 0 0 0 0 0 0 0 0 0 0 0 0
0 15 5 20 8 28 25 170 0 2 6 0 0 0 1 0 1 0 0 0 0 2 0 0 0 0 0 0 0 0 0 0 0 1 0 0
0 2 2 15 8 7 0 1 205 19 2 0 0 1 0 0 0 0 0 0 0 1 0 0 0 0 0 0 0 0 0 0 0 0 0 0
0 0 1 14 5 6 0 3 1 305 0 0 0 0 0 0 0 0 0 0 0 23 0 0 0 0 7 3 0 0 0 0 0 0 0 0
0 0 23 3 12 6 0 5 5 0 69 0 0 0 0 0 0 0 0 0 0 0 0 0 0 1 0 2 0 0 0 0 0 0 0 0
0 0 0 0 0 2 0 0 6 0 0 81 0 0 0 0 0 0 0 0 0 0 0 0 0 0 0 0 0 0 0 0 0 0 0 0
0 0 0 0 10 0 0 0 0 0 5 0 173 0 0 0 0 0 1 0 0 0 4 0 0 0 0 20 0 0 0 0 0 0 0 0
0 3 3 0 0 0 0 1 0 0 0 0 0 182 18 0 0 3 0 2 0 1 0 2 0 0 12 12 0 0 0 0 0 0 0 0
1 17 3 0 0 0 0 1 0 5 0 0 0 3 124 3 1 0 0 0 1 6 30 0 3 0 3 12 0 0 0 0 0 5 0 0
0 0 0 0 0 0 0 0 0 0 0 0 0 0 1 20 0 0 0 0 2 0 0 0 0 0 1 14 0 0 0 0 0 0 0 0
0 3 1 1 0 0 1 0 0 1 0 0 0 0 0 0 24 0 0 15 0 0 7 0 1 0 0 0 0 0 0 0 0 0 0 0
0 21 1 0 0 0 0 0 0 0 0 0 0 1 0 2 0 22 1 2 0 0 0 0 0 0 0 9 0 0 0 0 0 0 0 0
0 0 0 0 0 0 0 0 0 0 0 0 0 0 2 0 2 1 56 0 0 0 12 0 0 0 1 0 0 0 0 0 0 0 0 0
0 0 0 0 0 0 0 0 0 5 0 0 0 5 0 0 4 0 0 41 4 0 0 0 1 0 10 7 0 0 0 1 0 0 0 0
0 0 2 0 0 0 1 1 0 0 0 0 0 2 6 1 1 1 0 1 16 3 1 2 0 12 1 7 0 0 0 0 0 0 0 1
0 0 5 0 1 2 0 0 0 0 4 0 0 7 1 0 2 0 0 1 1 243 0 0 0 0 0 6 1 0 0 0 0 0 0 0
0 0 0 0 0 0 0 0 0 0 0 0 0 0 8 0 6 1 0 0 0 5 87 0 0 0 0 0 0 0 0 0 0 0 0 0
0 10 0 0 0 0 0 0 0 0 1 0 0 2 1 0 0 0 0 0 0 6 7 9 0 0 0 0 0 0 0 0 0 0 0 0
0 0 0 1 0 0 1 1 1 0 0 0 1 0 7 0 15 0 4 0 2 2 0 0 36 3 1 10 0 0 0 0 0 0 0 0
0 0 0 0 0 0 0 0 0 0 0 0 0 0 0 0 0 0 3 1 2 1 0 0 3 38 0 2 0 0 0 0 0 0 0 0
0 0 0 0 0 1 0 0 0 4 0 0 0 5 1 0 5 0 0 3 0 5 0 1 0 0 21 29 0 0 0 0 0 2 0 0
0 0 0 0 0 1 0 0 0 0 0 0 0 1 6 0 0 0 1 0 0 1 0 0 0 2 0 135 0 0 0 0 0 0 0 0
0 0 1 0 0 0 0 0 0 0 0 0 0 0 0 0 0 0 0 0 0 0 0 0 0 0 0 0 112 0 0 0 0 3 0 0
0 1 0 1 0 0 0 0 0 0 0 0 0 0 0 0 0 0 0 0 0 0 0 0 0 0 0 0 0 64 0 1 0 8 0 0
0 0 0 11 2 5 0 3 2 0 0 4 0 0 0 0 1 0 0 0 0 0 0 0 2 0 0 0 0 1 181 1 0 1 0 0
0 0 0 0 0 0 0 0 0 0 0 0 0 0 0 0 0 0 0 0 0 0 0 0 0 0 0 0 0 0 2 51 0 8 0 0
0 0 0 0 0 0 0 0 0 0 0 0 0 0 1 0 0 0 0 0 0 0 0 0 0 0 0 0 7 0 7 0 17 0 1 0
0 0 0 4 0 1 0 1 0 0 1 0 0 0 0 0 11 0 0 0 0 0 0 0 0 0 0 0 0 1 0 1 0 367 0 3
0 0 0 0 1 0 0 2 0 0 0 0 0 0 0 0 0 0 0 0 0 0 0 0 0 0 0 0 0 0 0 0 0 4 37 2
0 1 0 0 1 0 0 4 0 0 0 14 0 0 1 0 0 0 0 0 0 0 0 0 0 0 1 0 1 0 0 0 0 5 0 31
Klasa [0] = 0.03
Klasa [1] = 0.54
Klasa [2] = 0.72
Klasa [3] = 0.36
Klasa [4] = 0.63
Klasa [5] = 0.39
Klasa [6] = 0.67
Klasa [7] = 0.60
Klasa [8] = 0.78
Klasa [9] = 0.83
Klasa [10] = 0.55
Klasa [11] = 0.91
Klasa [12] = 0.81
Klasa [13] = 0.76
Klasa [14] = 0.57
Klasa [15] = 0.53
Klasa [16] = 0.44
Klasa [17] = 0.37
Klasa [18] = 0.76
Klasa [19] = 0.53
Klasa [20] = 0.27
Klasa [21] = 0.89
Klasa [22] = 0.81
Klasa [23] = 0.25
Klasa [24] = 0.42
Klasa [25] = 0.76
Klasa [26] = 0.27
Klasa [27] = 0.92
Klasa [28] = 0.97
Klasa [29] = 0.85
Klasa [30] = 0.85
Klasa [31] = 0.84
Klasa [32] = 0.52
Klasa [33] = 0.94
Klasa [34] = 0.80
Klasa [35] = 0.53