k=1
0.2202
4 0 13 0 2 4 0 0 1 0 1 2 0 0 6 0 0 0 0 0 0 0 0 0 0 0 0 1 0 0 0 1 0 1 0 0
25 28 68 20 37 20 19 12 36 18 32 21 5 0 9 20 0 0 3 1 0 3 0 0 0 0 4 4 2 0 3 15 2 5 0 0
16 12 69 10 53 40 31 23 28 31 24 4 15 0 1 17 0 0 2 0 0 5 0 1 0 0 0 7 0 0 6 26 4 8 0 1
2 6 30 18 22 35 35 4 6 11 15 2 0 2 3 0 5 0 0 1 0 10 0 0 0 0 0 8 0 0 11 2 0 10 0 2
3 20 27 33 57 73 35 8 2 4 46 2 1 0 1 6 1 0 0 2 0 2 0 0 0 0 0 3 1 0 29 9 0 3 0 0
2 16 50 32 61 52 19 33 13 20 25 1 12 2 1 1 0 0 0 0 0 2 0 0 1 0 4 12 0 0 0 1 0 10 0 0
0 0 0 0 1 0 0 0 0 1 0 1 0 0 0 0 0 0 0 0 0 0 0 0 0 0 0 0 0 0 0 0 0 0 0 0
14 1 13 15 17 39 35 42 16 27 5 7 0 2 4 1 2 0 0 0 0 2 0 0 0 0 1 0 0 0 8 3 0 27 0 3
23 7 23 12 7 16 3 6 56 14 46 6 0 1 1 0 1 0 1 2 0 2 0 0 0 0 0 9 0 0 8 12 0 6 0 1
3 4 6 6 26 57 12 12 32 76 45 9 0 0 8 0 1 0 0 1 0 33 0 0 0 0 0 9 0 0 0 0 0 25 0 3
0 0 9 0 4 1 1 3 9 8 44 0 0 0 5 13 0 0 0 3 0 0 0 0 0 0 3 2 0 0 1 11 0 9 0 0
0 0 6 0 0 2 0 1 1 19 7 40 0 0 0 0 11 0 0 0 0 0 0 0 0 0 0 0 0 0 0 0 0 2 0 0
0 1 15 2 5 3 2 0 1 2 23 0 87 0 4 0 0 0 9 1 0 3 0 0 0 0 2 7 2 9 6 11 1 17 0 0
1 0 0 0 6 0 0 0 1 2 0 0 1 45 27 9 2 2 26 23 2 24 0 5 20 4 2 28 0 0 0 5 0 4 0 0
0 0 0 1 1 0 3 0 0 1 2 0 0 1 58 25 0 0 10 5 4 27 11 8 2 0 1 34 1 0 6 0 0 13 0 4
0 0 0 0 0 0 0 7 0 0 0 0 0 13 2 2 0 0 0 0 0 0 0 1 0 0 2 11 0 0 0 0 0 0 0 0
0 0 0 0 0 0 0 0 0 0 0 0 0 0 20 5 2 0 9 3 0 3 0 0 4 0 0 8 0 0 0 0 0 0 0 0
0 0 10 0 0 0 0 0 0 0 0 0 0 1 4 0 0 6 3 6 1 0 0 0 4 0 22 2 0 0 0 0 0 0 0 0
0 0 1 0 0 0 0 0 0 2 0 0 0 4 8 7 0 3 8 3 0 2 0 22 1 1 0 12 0 0 0 0 0 0 0 0
0 1 0 6 3 5 0 4 3 0 0 0 0 11 7 3 1 3 4 6 1 7 0 0 6 0 0 6 0 0 0 0 0 1 0 0
0 0 6 0 1 0 1 0 0 0 0 0 0 0 3 8 11 0 1 2 0 3 0 0 1 0 0 6 0 0 3 6 0 6 0 1
0 0 0 4 6 2 1 0 0 0 3 0 0 7 24 26 3 1 37 36 13 54 9 8 14 2 3 11 0 0 0 9 0 1 0 0
0 2 3 0 1 1 1 0 0 0 0 1 0 5 25 8 5 8 7 8 0 0 1 4 0 2 2 21 0 0 1 0 0 1 0 0
0 0 0 0 0 0 0 0 1 0 1 0 0 6 2 1 0 0 0 4 0 1 3 16 0 0 0 1 0 0 0 0 0 0 0 0
0 0 1 0 0 0 0 0 0 0 1 0 0 2 13 4 2 2 16 4 0 9 0 0 18 2 1 8 0 0 1 1 0 0 0 0
0 0 0 0 0 0 0 0 0 0 0 0 0 0 5 7 0 0 3 1 0 5 8 0 4 4 4 9 0 0 0 0 0 0 0 0
0 3 0 3 1 0 0 0 0 1 0 0 0 1 1 16 12 0 0 2 4 3 4 5 2 0 4 12 0 0 0 0 0 3 0 0
0 0 0 0 1 2 0 0 0 2 0 5 0 2 15 3 0 4 8 2 3 20 0 0 0 1 0 79 0 0 0 0 0 0 0 0
0 0 6 6 1 0 0 0 1 0 2 0 1 1 7 0 0 0 1 0 0 0 0 0 0 0 2 2 30 5 27 0 0 19 0 5
0 0 0 18 0 0 0 0 0 0 0 0 0 0 4 9 0 0 0 0 0 0 0 0 0 0 0 0 5 13 9 0 0 17 0 0
0 1 15 16 2 3 1 0 0 2 4 0 8 0 1 4 3 0 0 0 0 6 0 0 0 0 0 1 0 0 112 4 2 26 0 3
1 0 0 1 6 0 1 0 1 3 7 0 0 0 3 0 0 0 0 0 0 0 0 0 0 0 0 0 0 6 6 19 0 7 0 0
0 0 0 0 2 0 2 0 0 0 0 0 0 0 0 0 0 0 0 0 0 1 0 0 0 0 0 0 3 0 12 0 10 2 1 0
1 0 11 13 5 6 8 1 11 6 2 1 4 2 15 1 2 0 0 1 0 11 0 0 0 0 0 4 9 20 65 10 0 180 0 1
0 0 0 2 1 3 0 0 10 0 1 0 0 0 0 0 0 0 0 0 0 1 0 0 0 0 2 0 0 0 4 0 0 4 15 3
0 1 5 1 2 2 1 0 0 0 0 2 0 6 0 0 0 0 0 0 0 0 0 0 0 0 0 0 3 1 10 0 0 4 0 21
Klasa [0] = 0.11
Klasa [1] = 0.07
Klasa [2] = 0.16
Klasa [3] = 0.07
Klasa [4] = 0.15
Klasa [5] = 0.14
Klasa [6] = 0.00
Klasa [7] = 0.15
Klasa [8] = 0.21
Klasa [9] = 0.21
Klasa [10] = 0.35
Klasa [11] = 0.45
Klasa [12] = 0.41
Klasa [13] = 0.19
Klasa [14] = 0.27
Klasa [15] = 0.05
Klasa [16] = 0.04
Klasa [17] = 0.10
Klasa [18] = 0.11
Klasa [19] = 0.08
Klasa [20] = 0.00
Klasa [21] = 0.20
Klasa [22] = 0.01
Klasa [23] = 0.44
Klasa [24] = 0.21
Klasa [25] = 0.08
Klasa [26] = 0.05
Klasa [27] = 0.54
Klasa [28] = 0.26
Klasa [29] = 0.17
Klasa [30] = 0.52
Klasa [31] = 0.31
Klasa [32] = 0.30
Klasa [33] = 0.46
Klasa [34] = 0.33
Klasa [35] = 0.36


