k=1,n=1
0.2202
4 0 13 0 2 4 0 0 1 0 1 2 0 0 6 0 0 0 0 0 0 0 0 0 0 0 0 1 0 0 0 1 0 1 0 0
25 28 68 20 37 20 19 12 36 18 32 21 5 0 9 20 0 0 3 1 0 3 0 0 0 0 4 4 2 0 3 15 2 5 0 0
16 12 69 10 53 40 31 23 28 31 24 4 15 0 1 17 0 0 2 0 0 5 0 1 0 0 0 7 0 0 6 26 4 8 0 1
2 6 30 18 22 35 35 4 6 11 15 2 0 2 3 0 5 0 0 1 0 10 0 0 0 0 0 8 0 0 11 2 0 10 0 2
3 20 27 33 57 73 35 8 2 4 46 2 1 0 1 6 1 0 0 2 0 2 0 0 0 0 0 3 1 0 29 9 0 3 0 0
2 16 50 32 61 52 19 33 13 20 25 1 12 2 1 1 0 0 0 0 0 2 0 0 1 0 4 12 0 0 0 1 0 10 0 0
0 0 0 0 1 0 0 0 0 1 0 1 0 0 0 0 0 0 0 0 0 0 0 0 0 0 0 0 0 0 0 0 0 0 0 0
14 1 13 15 17 39 35 42 16 27 5 7 0 2 4 1 2 0 0 0 0 2 0 0 0 0 1 0 0 0 8 3 0 27 0 3
23 7 23 12 7 16 3 6 56 14 46 6 0 1 1 0 1 0 1 2 0 2 0 0 0 0 0 9 0 0 8 12 0 6 0 1
3 4 6 6 26 57 12 12 32 76 45 9 0 0 8 0 1 0 0 1 0 33 0 0 0 0 0 9 0 0 0 0 0 25 0 3
0 0 9 0 4 1 1 3 9 8 44 0 0 0 5 13 0 0 0 3 0 0 0 0 0 0 3 2 0 0 1 11 0 9 0 0
0 0 6 0 0 2 0 1 1 19 7 40 0 0 0 0 11 0 0 0 0 0 0 0 0 0 0 0 0 0 0 0 0 2 0 0
0 1 15 2 5 3 2 0 1 2 23 0 87 0 4 0 0 0 9 1 0 3 0 0 0 0 2 7 2 9 6 11 1 17 0 0
1 0 0 0 6 0 0 0 1 2 0 0 1 45 27 9 2 2 26 23 2 24 0 5 20 4 2 28 0 0 0 5 0 4 0 0
0 0 0 1 1 0 3 0 0 1 2 0 0 1 58 25 0 0 10 5 4 27 11 8 2 0 1 34 1 0 6 0 0 13 0 4
0 0 0 0 0 0 0 7 0 0 0 0 0 13 2 2 0 0 0 0 0 0 0 1 0 0 2 11 0 0 0 0 0 0 0 0
0 0 0 0 0 0 0 0 0 0 0 0 0 0 20 5 2 0 9 3 0 3 0 0 4 0 0 8 0 0 0 0 0 0 0 0
0 0 10 0 0 0 0 0 0 0 0 0 0 1 4 0 0 6 3 6 1 0 0 0 4 0 22 2 0 0 0 0 0 0 0 0
0 0 1 0 0 0 0 0 0 2 0 0 0 4 8 7 0 3 8 3 0 2 0 22 1 1 0 12 0 0 0 0 0 0 0 0
0 1 0 6 3 5 0 4 3 0 0 0 0 11 7 3 1 3 4 6 1 7 0 0 6 0 0 6 0 0 0 0 0 1 0 0
0 0 6 0 1 0 1 0 0 0 0 0 0 0 3 8 11 0 1 2 0 3 0 0 1 0 0 6 0 0 3 6 0 6 0 1
0 0 0 4 6 2 1 0 0 0 3 0 0 7 24 26 3 1 37 36 13 54 9 8 14 2 3 11 0 0 0 9 0 1 0 0
0 2 3 0 1 1 1 0 0 0 0 1 0 5 25 8 5 8 7 8 0 0 1 4 0 2 2 21 0 0 1 0 0 1 0 0
0 0 0 0 0 0 0 0 1 0 1 0 0 6 2 1 0 0 0 4 0 1 3 16 0 0 0 1 0 0 0 0 0 0 0 0
0 0 1 0 0 0 0 0 0 0 1 0 0 2 13 4 2 2 16 4 0 9 0 0 18 2 1 8 0 0 1 1 0 0 0 0
0 0 0 0 0 0 0 0 0 0 0 0 0 0 5 7 0 0 3 1 0 5 8 0 4 4 4 9 0 0 0 0 0 0 0 0
0 3 0 3 1 0 0 0 0 1 0 0 0 1 1 16 12 0 0 2 4 3 4 5 2 0 4 12 0 0 0 0 0 3 0 0
0 0 0 0 1 2 0 0 0 2 0 5 0 2 15 3 0 4 8 2 3 20 0 0 0 1 0 79 0 0 0 0 0 0 0 0
0 0 6 6 1 0 0 0 1 0 2 0 1 1 7 0 0 0 1 0 0 0 0 0 0 0 2 2 30 5 27 0 0 19 0 5
0 0 0 18 0 0 0 0 0 0 0 0 0 0 4 9 0 0 0 0 0 0 0 0 0 0 0 0 5 13 9 0 0 17 0 0
0 1 15 16 2 3 1 0 0 2 4 0 8 0 1 4 3 0 0 0 0 6 0 0 0 0 0 1 0 0 112 4 2 26 0 3
1 0 0 1 6 0 1 0 1 3 7 0 0 0 3 0 0 0 0 0 0 0 0 0 0 0 0 0 0 6 6 19 0 7 0 0
0 0 0 0 2 0 2 0 0 0 0 0 0 0 0 0 0 0 0 0 0 1 0 0 0 0 0 0 3 0 12 0 10 2 1 0
1 0 11 13 5 6 8 1 11 6 2 1 4 2 15 1 2 0 0 1 0 11 0 0 0 0 0 4 9 20 65 10 0 180 0 1
0 0 0 2 1 3 0 0 10 0 1 0 0 0 0 0 0 0 0 0 0 1 0 0 0 0 2 0 0 0 4 0 0 4 15 3
0 1 5 1 2 2 1 0 0 0 0 2 0 6 0 0 0 0 0 0 0 0 0 0 0 0 0 0 3 1 10 0 0 4 0 21
Klasa [0] = 0.11
Klasa [1] = 0.07
Klasa [2] = 0.16
Klasa [3] = 0.07
Klasa [4] = 0.15
Klasa [5] = 0.14
Klasa [6] = 0.00
Klasa [7] = 0.15
Klasa [8] = 0.21
Klasa [9] = 0.21
Klasa [10] = 0.35
Klasa [11] = 0.45
Klasa [12] = 0.41
Klasa [13] = 0.19
Klasa [14] = 0.27
Klasa [15] = 0.05
Klasa [16] = 0.04
Klasa [17] = 0.10
Klasa [18] = 0.11
Klasa [19] = 0.08
Klasa [20] = 0.00
Klasa [21] = 0.20
Klasa [22] = 0.01
Klasa [23] = 0.44
Klasa [24] = 0.21
Klasa [25] = 0.08
Klasa [26] = 0.05
Klasa [27] = 0.54
Klasa [28] = 0.26
Klasa [29] = 0.17
Klasa [30] = 0.52
Klasa [31] = 0.31
Klasa [32] = 0.30
Klasa [33] = 0.46
Klasa [34] = 0.33
Klasa [35] = 0.36

n=3
0.1123
0 1 5 4 1 0 1 1 0 2 1 0 0 3 4 0 2 0 0 2 0 2 0 0 0 0 0 2 2 1 1 0 0 1 0 0
0 12 44 30 12 9 8 9 16 21 70 11 3 4 6 2 6 0 3 4 1 50 10 0 7 5 1 8 10 1 28 2 1 12 0 6
1 20 48 32 28 5 28 22 11 28 41 10 5 5 13 1 5 1 2 2 0 65 4 5 0 0 11 13 3 4 9 0 0 4 0 8
2 10 10 22 17 15 9 11 3 42 9 9 4 4 7 1 6 0 2 2 1 23 2 0 1 0 1 10 1 4 4 1 0 6 0 1
0 12 16 30 37 29 32 21 3 37 8 11 3 3 14 1 1 1 9 5 0 24 5 0 1 3 6 11 9 1 12 4 0 16 2 1
0 16 19 16 21 32 46 20 3 34 3 1 4 14 13 2 3 0 2 2 0 76 1 0 0 3 3 12 1 0 5 3 0 11 0 4
0 0 0 0 0 0 2 0 0 0 0 0 0 0 0 0 0 0 0 0 0 0 0 0 0 0 1 0 0 0 0 0 0 0 0 0
0 0 18 16 15 36 22 21 4 28 1 11 1 1 2 2 4 2 3 1 0 49 4 1 1 0 3 14 1 3 4 3 0 7 2 4
0 0 10 19 20 25 9 16 22 30 10 6 6 3 4 1 2 0 3 1 0 22 4 0 2 0 2 11 2 2 12 1 1 6 2 9
0 5 12 20 26 32 17 47 4 69 13 10 3 2 8 11 6 0 2 1 0 22 12 1 0 1 3 22 4 0 5 1 0 9 0 0
0 0 5 11 6 2 2 2 5 12 58 0 1 3 1 1 0 0 1 2 0 6 1 0 1 1 0 1 2 0 1 0 0 0 1 0
0 0 8 11 1 2 1 1 21 6 7 10 2 1 1 0 1 1 1 0 0 4 3 2 0 0 0 1 0 0 2 0 0 2 0 0
0 4 13 17 7 7 14 4 3 9 35 4 23 4 0 3 1 0 3 2 0 30 3 0 1 0 5 4 0 1 4 2 1 6 1 2
0 2 4 6 1 3 7 1 1 12 4 0 2 12 13 3 6 1 43 13 0 51 3 0 8 4 6 18 2 1 4 0 0 6 0 2
0 8 4 11 1 1 1 2 2 4 10 3 2 7 19 9 13 1 13 16 0 53 8 1 8 0 4 8 0 0 5 0 0 1 0 3
0 0 0 0 0 0 0 0 0 0 0 0 0 1 0 0 0 0 0 4 0 30 3 0 0 0 0 0 0 0 0 0 0 0 0 0
0 6 1 0 2 0 0 0 0 0 0 1 0 1 8 0 3 0 5 2 0 19 0 0 1 0 1 2 0 2 0 0 0 0 0 0
0 0 0 3 2 0 0 0 0 2 14 9 3 0 0 3 4 0 2 1 0 4 2 0 2 0 1 7 0 0 0 0 0 0 0 0
0 10 1 1 0 0 0 1 0 5 0 0 0 0 18 0 2 0 3 2 0 22 1 0 1 1 0 4 0 0 0 0 0 1 0 1
0 0 1 4 2 3 3 3 0 2 2 0 2 2 3 7 1 0 1 5 1 10 2 0 2 1 3 12 5 1 0 0 0 0 0 0
0 15 8 5 0 0 0 0 0 1 0 0 2 0 3 0 0 0 3 3 0 15 2 0 0 0 0 2 0 0 0 0 0 0 0 0
0 7 11 9 3 6 6 5 1 8 4 1 2 19 15 3 10 0 20 19 0 49 4 1 7 2 13 26 4 0 10 1 1 7 0 0
0 8 1 2 2 3 1 1 1 0 1 4 0 1 4 2 4 0 3 0 1 49 3 1 1 0 3 6 0 0 2 0 0 1 0 2
0 0 1 3 0 0 0 0 1 1 5 0 0 9 2 0 1 0 1 0 0 8 0 0 1 0 0 1 0 0 0 0 0 2 0 0
0 1 2 1 1 3 3 2 0 2 1 0 0 9 7 1 4 0 8 11 0 5 5 4 4 2 0 6 0 2 0 0 0 1 0 0
0 2 2 1 1 1 0 0 0 1 14 1 0 1 1 0 0 0 2 1 1 18 0 0 0 0 1 0 1 0 0 0 0 1 0 0
0 1 3 1 5 4 0 2 0 2 0 1 0 18 5 0 12 0 0 0 0 4 3 0 0 0 4 10 0 0 0 0 0 2 0 0
0 1 2 10 0 4 5 2 0 7 0 0 0 1 6 3 0 0 1 5 0 29 11 0 1 1 6 48 0 0 0 0 0 4 0 0
1 1 3 5 3 6 8 4 1 4 15 2 5 1 3 3 5 0 1 1 0 6 1 0 0 0 0 6 8 1 5 2 0 12 1 2
0 0 4 9 2 1 3 1 0 12 9 2 6 7 2 1 1 0 2 0 0 0 0 0 0 0 1 3 4 0 5 0 0 0 0 0
1 5 10 13 5 2 5 5 5 11 21 2 2 1 8 1 2 0 3 0 0 21 1 0 0 0 1 6 11 1 26 1 0 39 4 1
0 0 0 3 3 3 2 3 1 1 17 2 1 0 4 0 3 0 1 0 0 2 0 0 0 0 0 4 4 0 1 1 0 5 0 0
0 0 0 1 1 0 2 0 1 3 0 2 1 0 2 0 0 1 1 1 0 3 1 0 0 0 0 4 2 3 1 0 1 1 1 0
0 4 25 6 10 6 7 7 13 24 30 7 2 12 7 4 4 0 3 10 0 23 6 1 1 2 4 13 14 7 24 2 1 102 1 8
0 0 1 1 0 6 0 3 0 0 6 0 1 2 0 0 1 0 0 0 0 5 0 0 1 0 0 2 2 0 1 0 0 8 5 1
0 0 7 9 1 2 2 3 0 4 1 1 3 0 0 1 0 0 1 0 0 4 0 0 0 1 0 3 2 0 8 0 0 4 0 2
Klasa [0] = 0.00
Klasa [1] = 0.03
Klasa [2] = 0.11
Klasa [3] = 0.09
Klasa [4] = 0.10
Klasa [5] = 0.09
Klasa [6] = 0.67
Klasa [7] = 0.07
Klasa [8] = 0.08
Klasa [9] = 0.19
Klasa [10] = 0.46
Klasa [11] = 0.11
Klasa [12] = 0.11
Klasa [13] = 0.05
Klasa [14] = 0.09
Klasa [15] = 0.00
Klasa [16] = 0.06
Klasa [17] = 0.00
Klasa [18] = 0.04
Klasa [19] = 0.06
Klasa [20] = 0.00
Klasa [21] = 0.18
Klasa [22] = 0.03
Klasa [23] = 0.00
Klasa [24] = 0.05
Klasa [25] = 0.00
Klasa [26] = 0.05
Klasa [27] = 0.33
Klasa [28] = 0.07
Klasa [29] = 0.00
Klasa [30] = 0.12
Klasa [31] = 0.02
Klasa [32] = 0.03
Klasa [33] = 0.26
Klasa [34] = 0.11
Klasa [35] = 0.03