0.9272
22 3 0 0 8 0 0 3 0 0 0 0 0 0 0 0 0 0 0 0 0 0 0 0 0 0 0 0 0 0 0 0 0 0 0 0
2 359 30 0 9 2 6 1 1 0 0 0 0 0 0 0 0 0 0 0 0 0 0 0 0 0 0 0 0 0 0 0 0 0 0 2
0 1 416 1 0 4 0 0 8 1 2 0 0 0 0 0 0 0 0 0 0 1 0 0 0 0 0 0 0 0 0 0 0 0 0 0
0 0 0 224 0 11 1 0 2 0 0 0 1 0 0 0 0 0 0 0 0 0 0 0 0 1 0 0 0 0 0 0 0 0 0 0
0 2 1 0 352 9 3 0 0 0 0 0 0 0 0 0 0 0 0 0 0 0 0 0 0 0 0 0 0 0 0 1 0 0 0 0
0 0 11 5 2 343 3 0 0 0 1 0 0 0 0 0 3 0 0 0 0 0 0 0 0 0 1 0 0 0 0 0 0 1 0 0
0 0 0 0 0 0 3 0 0 0 0 0 0 0 0 0 0 0 0 0 0 0 0 0 0 0 0 0 0 0 0 0 0 0 0 0
0 0 0 7 1 5 0 269 0 0 1 0 0 0 0 0 0 0 0 0 0 0 0 0 0 0 0 0 0 0 0 0 0 1 0 0
0 0 0 6 0 0 0 0 253 4 0 0 0 0 0 0 0 0 0 0 0 0 0 0 0 0 0 0 0 0 0 0 0 0 0 0
0 0 0 0 0 0 0 1 0 356 0 8 0 0 0 0 1 0 0 0 0 1 0 0 0 0 1 0 0 0 0 0 0 0 0 0
0 0 0 0 0 0 0 0 0 0 126 0 0 0 0 0 0 0 0 0 0 0 0 0 0 0 0 0 0 0 0 0 0 0 0 0
0 0 0 0 0 0 0 0 0 0 0 89 0 0 0 0 0 0 0 0 0 0 0 0 0 0 0 0 0 0 0 0 0 0 0 0
0 0 0 0 0 0 0 0 0 0 0 0 195 0 0 0 0 0 0 0 0 0 1 0 0 0 0 0 0 15 0 0 0 2 0 0
0 0 0 0 0 0 0 0 0 0 0 0 0 224 1 0 0 0 0 3 0 0 0 2 0 0 9 0 0 0 0 0 0 0 0 0
0 0 0 0 0 0 0 0 0 0 0 0 0 0 178 0 5 1 1 2 6 3 6 3 1 0 6 3 0 0 0 0 0 2 0 1
0 0 0 0 0 0 0 0 0 0 0 0 0 0 0 38 0 0 0 0 0 0 0 0 0 0 0 0 0 0 0 0 0 0 0 0
0 0 0 0 0 0 0 0 0 0 0 0 0 0 0 0 54 0 0 0 0 0 0 0 0 0 0 0 0 0 0 0 0 0 0 0
0 0 0 0 0 0 0 0 0 0 0 0 0 0 12 0 0 36 0 0 0 0 0 0 0 0 0 1 0 0 0 0 1 9 0 0
0 0 0 0 0 0 0 0 0 0 0 0 0 0 1 0 0 0 69 0 0 1 2 0 0 0 1 0 0 0 0 0 0 0 0 0
0 0 0 0 0 0 0 0 0 0 0 0 0 0 0 14 0 0 0 61 0 0 0 0 0 0 3 0 0 0 0 0 0 0 0 0
0 0 0 0 0 0 0 0 0 0 0 0 0 0 0 0 0 0 0 0 55 0 1 2 0 0 1 0 0 0 0 0 0 0 0 0
0 0 0 0 0 0 0 0 0 0 0 0 0 3 2 0 0 1 0 0 11 251 3 2 0 0 0 0 0 0 0 0 0 0 1 0
0 0 0 0 0 0 0 0 0 0 0 0 0 0 0 0 0 1 0 0 0 7 95 0 0 0 0 4 0 0 0 0 0 0 0 0
0 0 0 0 0 0 0 0 0 0 0 0 0 0 0 0 0 0 0 0 0 0 17 19 0 0 0 0 0 0 0 0 0 0 0 0
0 0 0 0 0 0 0 0 0 0 0 0 0 0 0 0 0 0 0 0 0 0 0 0 80 2 3 0 0 0 0 0 0 0 0 0
0 0 0 0 0 0 0 0 0 0 0 0 0 0 0 0 0 0 0 0 0 0 0 0 0 49 0 1 0 0 0 0 0 0 0 0
0 0 0 0 0 1 0 0 0 3 0 0 0 2 0 0 6 0 0 1 2 0 0 0 0 0 62 0 0 0 0 0 0 0 0 0
0 0 0 0 0 0 0 0 0 0 0 0 0 0 0 0 1 0 1 0 0 0 0 0 0 0 0 145 0 0 0 0 0 0 0 0
0 0 0 0 0 0 0 0 0 0 0 0 0 0 0 0 0 0 0 0 0 0 0 0 0 0 0 0 116 0 0 0 0 0 0 0
0 1 0 0 0 0 0 0 0 0 0 0 0 0 0 0 0 0 0 0 0 0 0 0 0 0 0 0 0 74 0 0 0 0 0 0
0 0 0 0 0 0 0 0 0 0 4 0 0 0 0 0 0 0 0 0 0 0 0 0 0 0 0 0 1 1 208 0 0 0 0 0
0 0 0 0 0 0 0 0 0 0 0 0 0 0 0 0 0 0 0 0 0 0 0 0 0 0 0 0 0 0 0 56 0 5 0 0
0 0 0 0 0 0 0 0 0 0 0 0 0 0 0 0 0 0 0 0 0 0 0 0 0 0 0 0 0 0 2 0 30 0 1 0
0 0 0 0 0 0 0 0 0 0 0 0 0 0 0 0 0 0 0 0 0 0 0 0 0 0 0 0 0 0 0 1 15 373 0 1
0 0 0 0 0 0 0 0 0 0 0 0 0 0 0 0 0 0 0 0 0 0 0 0 0 0 0 0 2 0 0 0 1 0 42 1
0 0 0 0 0 0 0 0 0 0 0 0 0 0 0 0 0 0 0 0 0 0 0 0 0 0 0 0 0 6 1 0 0 1 0 51
Klasa [0] = 0.6111
Klasa [1] = 0.8714
Klasa [2] = 0.9585
Klasa [3] = 0.9333
Klasa [4] = 0.9565
Klasa [5] = 0.9270
Klasa [6] = 1.0000
Klasa [7] = 0.9472
Klasa [8] = 0.9620
Klasa [9] = 0.9674
Klasa [10] = 1.0000
Klasa [11] = 1.0000
Klasa [12] = 0.9155
Klasa [13] = 0.9372
Klasa [14] = 0.8165
Klasa [15] = 1.0000
Klasa [16] = 1.0000
Klasa [17] = 0.6102
Klasa [18] = 0.9324
Klasa [19] = 0.7821
Klasa [20] = 0.9322
Klasa [21] = 0.9161
Klasa [22] = 0.8879
Klasa [23] = 0.5278
Klasa [24] = 0.9412
Klasa [25] = 0.9800
Klasa [26] = 0.8052
Klasa [27] = 0.9864
Klasa [28] = 1.0000
Klasa [29] = 0.9867
Klasa [30] = 0.9720
Klasa [31] = 0.9180
Klasa [32] = 0.9091
Klasa [33] = 0.9564
Klasa [34] = 0.9130
Klasa [35] = 0.8644