29 2 0 0 2 0 0 3 0 0 0 0 0 0 0 0 0 0 0 0 0 0 0 0 0 0 0 0 0 0 0 0 0 0 0 0
0 397 8 1 0 2 1 0 0 0 0 0 0 1 0 0 0 0 0 0 0 0 0 0 0 0 0 0 0 0 0 0 0 1 0 1
0 5 418 5 0 5 0 0 0 0 0 0 0 0 0 0 0 0 0 0 0 1 0 0 0 0 0 0 0 0 0 0 0 0 0 0
0 0 4 205 0 23 0 1 0 1 1 0 0 0 0 0 1 0 0 0 0 0 0 0 2 1 0 0 0 0 0 0 0 1 0 0
0 15 2 0 332 2 3 9 0 0 0 0 0 0 0 0 0 0 0 0 0 1 0 0 0 0 1 0 0 0 1 0 0 1 0 1
0 2 9 1 5 323 14 12 0 0 0 0 0 0 0 0 0 0 0 0 0 0 0 0 3 1 0 0 0 0 0 0 0 0 0 0
0 0 0 0 0 0 3 0 0 0 0 0 0 0 0 0 0 0 0 0 0 0 0 0 0 0 0 0 0 0 0 0 0 0 0 0
0 1 0 5 0 1 6 265 0 0 0 0 0 0 0 0 0 0 0 0 0 0 0 0 1 1 0 0 0 0 0 0 0 3 0 1
0 0 0 0 0 0 0 0 252 10 0 0 0 0 0 0 0 0 0 0 0 0 0 0 0 0 0 0 0 0 0 0 0 0 0 1
0 0 0 0 0 3 1 6 0 355 0 0 0 0 0 0 0 0 0 0 0 1 0 0 0 1 0 1 0 0 0 0 0 0 0 0
0 0 0 0 0 0 0 0 0 0 126 0 0 0 0 0 0 0 0 0 0 0 0 0 0 0 0 0 0 0 0 0 0 0 0 0
0 0 0 1 0 0 0 0 0 0 0 88 0 0 0 0 0 0 0 0 0 0 0 0 0 0 0 0 0 0 0 0 0 0 0 0
0 0 5 0 1 0 0 0 0 0 0 0 196 0 0 0 0 0 0 0 0 0 0 0 0 0 0 1 2 3 0 2 0 1 1 1
0 0 2 0 0 0 0 0 1 0 0 0 0 214 0 0 0 0 0 0 2 2 0 0 0 0 18 0 0 0 0 0 0 0 0 0
0 0 0 0 0 0 0 0 0 0 0 0 0 0 199 0 0 0 1 0 2 4 1 0 0 4 0 3 0 0 0 0 0 3 0 1
0 0 0 0 0 0 0 0 0 0 0 0 0 0 0 35 0 0 0 1 2 0 0 0 0 0 0 0 0 0 0 0 0 0 0 0
0 0 0 0 0 0 0 0 0 1 0 0 0 0 0 0 49 0 0 2 0 0 1 0 1 0 0 0 0 0 0 0 0 0 0 0
0 2 2 0 0 0 0 0 0 1 0 0 0 0 4 0 0 33 0 0 0 5 3 0 1 1 0 4 0 0 0 0 0 3 0 0
0 0 0 0 0 0 0 0 0 0 0 0 0 0 0 0 0 0 73 0 0 0 1 0 0 0 0 0 0 0 0 0 0 0 0 0
0 0 0 0 0 0 0 0 0 0 0 0 0 0 0 0 0 0 0 78 0 0 0 0 0 0 0 0 0 0 0 0 0 0 0 0
0 0 0 0 0 0 0 0 0 0 0 0 0 0 2 0 1 1 0 0 46 4 0 0 0 3 2 0 0 0 0 0 0 0 0 0
0 1 1 0 1 0 0 1 0 0 0 0 0 3 0 0 0 0 0 0 0 258 3 0 4 0 0 2 0 0 0 0 0 0 0 0
0 1 0 0 1 0 0 0 0 0 0 0 0 0 2 0 3 0 0 0 1 10 89 0 0 0 0 0 0 0 0 0 0 0 0 0
0 10 0 0 0 0 0 0 0 0 0 0 0 3 1 0 0 0 0 0 6 0 0 14 0 2 0 0 0 0 0 0 0 0 0 0
0 0 0 0 0 0 0 0 0 0 0 0 0 0 0 0 0 0 0 0 0 0 0 0 81 4 0 0 0 0 0 0 0 0 0 0
0 0 0 0 0 0 0 0 0 0 0 0 0 0 1 0 0 0 0 0 1 0 0 0 0 48 0 0 0 0 0 0 0 0 0 0
0 0 0 0 1 0 0 0 0 0 0 0 0 0 0 0 1 0 0 1 0 1 0 0 3 13 54 1 0 1 0 0 0 1 0 0
0 0 0 0 0 0 0 0 0 0 0 0 0 0 0 0 1 0 0 1 0 0 0 0 0 0 0 145 0 0 0 0 0 0 0 0
0 0 0 0 0 0 0 0 0 0 0 0 0 0 0 0 0 0 0 0 0 0 0 0 0 0 0 0 111 0 5 0 0 0 0 0
0 0 0 0 0 0 0 0 0 0 0 0 0 0 0 0 0 0 0 0 0 0 0 0 0 0 0 0 0 75 0 0 0 0 0 0
0 0 1 0 0 0 0 0 3 0 0 0 0 0 0 0 0 0 0 0 0 0 0 0 0 0 0 0 0 0 208 1 0 0 0 1
0 0 0 0 0 0 0 0 0 0 0 0 0 0 0 0 0 0 0 0 0 2 0 0 0 0 0 0 0 0 0 54 0 5 0 0
0 0 0 0 0 0 0 0 0 0 0 0 0 0 0 0 0 0 0 0 0 0 0 0 0 0 0 0 1 0 1 0 31 0 0 0
0 0 2 1 0 0 0 0 0 0 0 0 0 0 0 0 2 0 0 1 0 0 0 0 0 0 0 0 0 1 1 0 1 379 1 1
0 0 0 0 0 1 1 0 0 0 0 0 0 0 0 0 0 0 0 0 0 1 0 0 0 0 0 0 0 0 0 0 0 0 43 0
0 0 1 0 0 0 0 0 0 0 0 0 0 0 0 0 0 0 0 0 0 0 0 0 0 0 0 0 1 1 1 0 11 4 0 40
Klasa [0] = 0.8056
Klasa [1] = 0.9636
Klasa [2] = 0.9631
Klasa [3] = 0.8542
Klasa [4] = 0.9022
Klasa [5] = 0.8730
Klasa [6] = 1.0000
Klasa [7] = 0.9331
Klasa [8] = 0.9582
Klasa [9] = 0.9647
Klasa [10] = 1.0000
Klasa [11] = 0.9888
Klasa [12] = 0.9202
Klasa [13] = 0.8954
Klasa [14] = 0.9128
Klasa [15] = 0.9211
Klasa [16] = 0.9074
Klasa [17] = 0.5593
Klasa [18] = 0.9865
Klasa [19] = 1.0000
Klasa [20] = 0.7797
Klasa [21] = 0.9416
Klasa [22] = 0.8318
Klasa [23] = 0.3889
Klasa [24] = 0.9529
Klasa [25] = 0.9600
Klasa [26] = 0.7013
Klasa [27] = 0.9864
Klasa [28] = 0.9569
Klasa [29] = 1.0000
Klasa [30] = 0.9720
Klasa [31] = 0.8852
Klasa [32] = 0.9394
Klasa [33] = 0.9718
Klasa [34] = 0.9348
Klasa [35] = 0.6780
Dokładność: 0.9225
Precyzja: 0.8942
Zwrot: 0.8924
Miara F1: 0.8933